
439581
439582
439583
439584
439585
439586
439587
439588
439589
439590
439591
439592
439593
439594
439595
439596
439597
439598
439599
439600
439601
439602
439603
439604
439605
439606
439607
439608
439609
439610
439611
439612
439613
439614
439615
439616
439617
439618
439619
439620
439621
439622
439623
439625
439626
439628
439629
439630
439631
439632
439633
439634
439635
439636
439637
439638
439639
439640
439641
439642
439643
439644
439645
439646
439647
439648
439649
439650
439651
439652
439653
439655
439656
439657
439658
439659
439660
439661
439662
439663
439664
439665
439666
439667
439668
439669
439670
439671
439672
439673
439675
439677
439678
439679
439680
439681
439682
439683
439684
439685
439686
439687
439688
439689
439690
439691
439693
439694
439695
439696
439697
439698
439699
439700
439701
439702
439703
439704
439705
439706
439707
439708
439709
439710
439711
439712
439713
439714
439715
439716
439717
439718
439719
439720
439721
439722
439723
439724
439725
439726
439727
439728
439729
439730
439732
439733
439734
439735
439737
439738
439739
439740
439741
439742
439743
439744
439745
439746
439747
439748
439749
439750
439751
439752
439753
439754
439755
439756
439757
439758
439759
439760
439761
439762
439763
439764
439765
439766
439767
439768
439769
439771
439773
439774
439775
439776
439777
439778
439779
439780
439781
439782
439783
439784
439785
439786
439787
439788
439789
439790
439791
439792
439793
439794
439795
439796
439797
439798
439799
439800
439801
439802
439803
439804
439805
439806
439808
439809
439810
439811
439812
439813
439814
439815
439816
439817
439818
439819
439820
439821
439822
439823
439824
439825
439826
439827
439828
439829
439830
439831
439832
439833
439834
439835
439836
439837
439838
439839
439840
439841
439842
439843
439844
439845
439846
439847
439848
439849
439850
439851
439852
439853
439854
439855
439856
439857
439858
439860
439861
439862
439863
439864
439865
439866
439867
439868
439869
439870
439871
439872
439873
439874
439875
439876
439877
439878
439879
439880
439881
439882
439883
439885
439886
439887
439888
439889
439890