300006
300008
300031
300045
300060
300074
300079
300085
300104
300261
300272
300276
300354
300355
300359
300360
300361
300364
300365
300370
300373
300374
300375
300377
300382
300383
300385
300386
300391
300404
300405
300416
300422
300502
300505
300509
300510
300511
300524
300525
300526
300528
300532
300533
300537
300543
300545
300552
300553
300572
300576
300722
300723
300726
300731
300732
300733
300734
300738
300742
300747
300748
300749
300750
300751
300752
300753
300755
300757
300782
300787
300790
300796
300797
300798
300799
300802
300803
300804
300808
300810
300827
300911
300912
300913
300914
300915
300916
300919
300920
301001
301021
301022
301023
301024
301025
301026
301027
301028
301029
301030
301031
301032
301033
301034
301035
301036
301037
301038
301039
301040
301041
301042
301043
301071
301072
301073
301110
301115
301117
301125
301126
301127
301128
301129
301140
301145
301148
301149
301151
301160
301161
301162
301165
301173
301174
301179
301192
301197
301201
301203
301204
301205
301209
301271
301272
301273
301274
301276
301278
301352
301359
301401
301422
301441
301443
301450
301501
301502
301503
301504
301522
301523
301562
301563
301565
301566
301568
301569
301572
301573
301576
301578
301580
301583
301585
301587
301588
301589
301644
301664
301666
301668
301672
301678
301680
301691
301901
301912
301914
301954
301955
302053
302061
302064
302073
302074
302075
302102
302106
302121
302128
302251
302252
302253
302254
302255
302256
302257
302258
302259
302260
302261
302262
302296
302302
302303
302371
302372
302373
302374
302375
302377
302378
302379
302380
302381
302382
302383
302384
302385
302386
302387
302389
302390
302391
302392
302393
302394
302395
302396
302397
302399
302400
302401
302403
302404
302406
302407
302408
302409
302411
302412
302413
302414
302415
302416
302417
302418
302419
302420
302421
302422
302423
302424
302425
302426
302427
302428
302429
302430
302431
302432
302461
302462
302464
302467
302476
302478
302487
302488
302489
302493
302566
302571
302572
302579
302581
302586
302589
302594
302621
302622
302623
302624
302625
302626
302627
302628
302629
302630
302631
302651
302652
302653
302654
302655
302656
302657
302658
302659
302660
302661
302662
302663
302664
302682
302705
302706
302741
302742
302743
302744
302745
302764
302765
302766
302781
302821
302822
302823
302824
302825
302826
302827
302829
302830
302831
302832
302833
302834
302835
302840
302841
302842
302843
302844
302845
302846
302847
302848
302850
302852
302854
302855
302856
302857
302858
302859
302860
302861
302862
302863
302864
302867
302868
302869
302870
302871
302872
302873
302874
302875
302876
302877
302878
302879
302880
302881
302883
302885
302886
302887
302888
302889
302890
302893
302894
302895
302896
302898
302899
302901
302903
302904
302906
302907
302908
302909
302911
302912
302913
302914
302917
302918
302919
302920
302922
302923
302924
302925
302926
302927
302928
302929
302931
302932
302933
302934
302935
302936
302937
302938
302939
302940
302942
302943
302945
302946
302947
302948
302949
302950
302951
302952
302953
302954
302955
302956
302957
302959
302960
302961
302963
302964
302965
302966
302968
302969
302970
302971
302972
302973
302974
302975
302976
302977
302980
302981
302985
303032
303042
303043
303044
303048
303051
303052
303062
303065
303066
303067
303069
303070
303074
303076
303121
303122
303123
303125
303126
303129
303132
303133
303134
303136
303137
303139
303140
303141
303142
303144
303145
303146
303147
303148
303149
303151
303152
303153
303154
303155
303157
303161
303166
303167
303170
303182
303184
303191
303194
303197
303233
303234
303235
303236
303237
303238
303239
303240
303241
303242
303243
303244
303246
303247
303262
303270
303271
303276
303301
303308
303309
303341
303343
303344
303345
303346
303347
303348
303349
303350
303351
303352
303353
303354
303355
303356
303357
303358
303359
303360
303361
303362
303363
303364
303365
303366
303367
303368
303369
303370
303371
303372
303373
303374
303375
303376
303377
303380
303381
303382
303383
303384
303385
303386
303387
303388
303389
303390
303391
303392
303393
303394
303395
303396
303397
303398
303400
303401
303402
303403
303404
303405
303406
303407
303408
303409
303410
303411
303412
303413
303414
303415
303416
303417
303418
303419
303420
303421
303422
303423
303424
303425
303426
303427
303428
303429
303430
303431
303432
303433
303434
303435
303436
303437
303438
303439
303440
303441
303442
303443
303444
303445
303446
303447
303448
303449
303450
303451
303452
303453
303454
303455
303456
303457
303458
303459
303460
303461
303462
303463
303464
303465
303466
303467
303468
303469
303470
303471
303472
303473
303474
303475
303476
303477
303478
303479
303480
303481
303482
303483
303484
303485
303486
303487
303489
303490
303491
303492
303533
303534
303536
303537
303539
303540
303541
303542
303543
303544
303545
303546
303547
303548
303549
303550
303552
303553
303554
303555
303556
303557
303558
303559
303560
303561
303562
303563
303564
303565
303566
303567
303572
303573
303602
303603
303604
303605
303607
303608
303610
303611
303612
303613
303614
303615
303619
303620
303622
303623
303651
303655
303657
303658
303659
303661
303663
303665
303666
303667
303668
303670
303672
303673
303674
303675
303676
303677
303679
303680
303681
303712
303715
303719
303720
303725
303726
303741
303747
303749
303750
303752
303753
303754
303758
303766
303781
303881
303882
303883
303884
303885
303886
303887
303901
303902
303903
303904
303905
303906
303908
303909
303910
303931
303932
303933
303935
303936
303937
303938
303939
303940
303941
303942
303943
303944
303945
303946
303947
303948
303949
303950
303951
303981
303983
303984
303986
303987
303988
303990
303991
304051
304081
304082
304084
304085
304087
304088
304102
304103
304104
304131
304132
304133
304171
304172
304173
304174
304175
304177
304178
304179
304180
304181
304183
304185
304186
304187
304188
304189
304190
304191
304192
304193
304195
304196
304197
304198
304199
304200
304201
304202
304203
304204
304205
304206
304208
304209
304210
304212
304214
304215
304216
304217
304218
304219
304220
304221
304222
304223
304224
304225
304226
304227
304228
304230
304231
304232
304233
304234
304235
304236
304237
304238
304239
304240
304241
304242
304243
304245
304247
304248
304249
304250
304251
304252
304253
304254
304255
304256
304257
304259
304260
304262
304263
304264
304265
304266
304267
304268
304269
304270
304271
304272
304273
304274
304275
304276
304277
304278
304279
304281
304282
304283
304284
304286
304288
304289
304290
304291
304294
304296
304297
304298
304303
304304
304305
304306
304308
304309
304310
304312
304313
304315
304316
304317
304318
304319
304320
304323
304325
304326
304327
304328
304331
304332
304334
304335
304338
304339
304340
304341
304342
304343
304344
304345
304346
304347
304348
304349
304350
304351
304352
304353
304354
304355
304357
304358
304361
304362
304363
304364
304365
304366
304367
304368
304369
304370
304371
304377
304461
304463
304465
304468
304469
304470
304471
304472
304473
304474
304476
304479
304481
304484
304487
304488
304489
304490
304491
304493
304494
304495
304499
304503
304541
304542
304544
304545
304548
304549
304550
304551
304553
304555
304556
304557
304558
304559
304561
304562
304564
304565
304566
304567
304568
304569
304571
304572
304573
304574
304576
304577
304578
304579
304580
304582
304583
304585
304586
304587
304588
304590
304591
304592
304593
304594
304595
304597
304598
304632
304633
304634
304635
304636
304637
304638
304639
304641
304642
304643
304644
304645
304671
304672
304673
304675
304676
304677
304678
304682
304683
304684
304686
304687
304688
304689
304690
304691
304692
304693
304694
304695
304696
304697
304698
304699
304700
304703
304704
304705
304706
304721
304722
304723
304725
304726
304727
304728
304729
304731
304732
304733
304734
304751
304752
304753
304754
304755
304756
304757
304758
304759
304760
304761
304762
304763
304764
304765
304766
304767
304769
304781
304782
304783
304784
304785
304786
304787
304788
304789
304790
304791
304792
304793
304795
304796
304797
304798
304799
304800
304821
304823
304824
304825
304826
304827
304829
304830
304852
304853
304856
304857
304858
304860
304861
304881
304883
304901
304902
304904
304923
304924
304926
304930
304931
304933
304934
304938
304943
304944
304945
304949
304950
304955
304959
304961
304972
304981
304982
304983
305003
305007
305010
305012
305015
305019
305024
305030
305032
305034
305039
305045
305208
305273
305274
305276
305311
305312
305315
305332
305362
305370
305371
305551
305553
305588
305591
305594
305596
305608
305611
305617
305732
305735
305736
305737
305752
305782
305841
305843
305844
305845
305846
305847
305848
305850
305851
305852
305853
305854
305855
305856
305857
305858
305859
305860
305861
305862
305863
305864
305865
305866
305867
305868
305871
305873
305875
305876
305878
305879
305880
305881
305883
305884
305885
305886
305887
305921
305922
305923
305924
305926
305927
305928
305930
305932
305933
305936
305938
305939
305940
305941
305942
305943
305944
305945
305946
305947
305949
305950
305951
305953
305954
305955
305956
305957
305958
305959
305961
305962
305964
305966
305967
305968
305971
305972
305973
305976
305977
305980
305982
305984
305987
305988
305989
305990
305991
305993
305994
305995
305997
305998
306061
306062
306063
306064
306065
306066
306067
306068
306069
306070
306071
306072
306073
306074
306075
306076
306077
306079
306080
306081
306082
306083
306084
306085
306086
306087
306088
306089
306090
306091
306092
306094
306095
306096
306097
306098
306099
306131
306173
306176
306177
306178
306179
306180
306181
306182
306183
306201
306202
306203
306204
306207
306221
306241
306242
306262
306301
306302
306303
306304
306322
306329
306331
306335
306344
306345
306349
306358
306360
306365
306375
306376
306377
306381
306382
306386
306387
306390
306391
306392
306397
306406
306412
306481
306482
306483
306484
306485
306486
306487
306501
306521
306541
306544
306563
306564
306565
306567
306573
306577
306578
306580
306581
306586
306588
306600
306673
306674
306675
306677
306678
306679
306680
306681
306683
306684
306685
306686
306689
306691
306694
306695
306696
306697
306704
306705
306706
306709
306713
306714
306715
306718
306719
306771
306772
306773
306774
306775
306776
306777
306778
306779
306780
306781
306782
306783
306784
306785
306786
306787
306788
306789
306790
306791
306792
306793
306794
306795
306796
306797
306798
306799
306800
306801
306802
306803
306804
306805
306806
306807
306808
306809
306810
306811
306812
306813
306814
306815
306816
306817
306818
306819
306820
306821
306822
306823
306824
306841
306842
306843
306844
306845
306861
306863
306901
306921
306969
306970
306971
306974
306976
306977
306978
306979
306980
306983
306984
306985
306986
306987
306988
306989
306990
306991
306992
306993
306994
306996
306997
307002
307056
307075
307080
307081
307085
307091
307173
307174
307178
307180
307184
307185
307186
307187
307189
307190
307191
307195
307197
307200
307202
307208
307281
307297
307414
307419
307421
307423
307462
307466
307467
307468
307469
307479
307480
307481
307482
307485
307487
307546
307581
307582
307583
307584
307586
307587
307588
307591
307611
307612
307631
307671
307710
307711
307811
307835
307836
307838
307840
307841
307847
307848
307850
307855
307857
307858
307864
307865
307873
307875
307876
307879
307880
308001
308002
308004
308054
308055
308058
308059
308061
308067
308068
308081
308082
308083
308151
308152
308153
308154
308155
308156
308157
308171
308172
308173
308174
308175
308176
308177
308178
308179
308180
308181
308182
308183
308184
308185
308186
308187
308189
308190
308211
308212
308235
308237
308245
308249
308331
308332
308333
308334
308335
308336
308337
308338
308339
308340
308341
308342
308343
308344
308345
308346
308347
308348
308349
308372
308426
308427
308429
308430
308432
308433
308437
308438
308446
308447
308449
308450
308452
308474
308475
308477
308478
308480
308482
308551
308552
308553
308555
308558
308621
308623
308624
308625
308626
308627
308628
308629
308630
308631
308632
308633
308637
308671
308821
308822
308823
308824
308825
308826
308828
308829
308830
308831
308852
308853
308854
308856
308857
308859
308860
308882
308883
308884
308885
308886
308901
308902
308903
308904
308905
308906
308907
308908
308911
308934
308957
308977
309024
309071
309073
309074
309075
309076
309077
309091
309092
309093
309094
309095
309096
309111
309112
309113
309114
309115
309116
309117
309152
309153
309211
310002
310009
310011
310016
310028
310042
310043
310044
310045
310046
310060
310061
310064
310069
310077
310082
310085
310086
310093
310172
310173
310174
310175
310176
310178
310180
310185
310212
310213
310215
310216
310217
310218
310219
310220
310221
310251
310252
310253
310254
310257
310258
310259
310260
310262
310264
310265
310266
310267
310269
310270
310271
310272
310273
310274
310275
310276
310277
310278
310279
310280
310281
310282
310283
310284
310285
310286
310287
310288
310289
310291
310292
310293
310294
310295
310296
310297
310298
310299
310300
310301
310302
310303
310304
310305
310306
310307
310308
310309
310310
310311
310312
310313
310314
310316
310317
310319
310320
310321
310322
310323
310324
310325
310326
310327
310328
310329
310330
310331
310332
310333
310334
310335
310336
310337
310338
310339
310340
310341
310342
310344
310345
310346
310347
310348
310350
310351
310352
310353
310354
310355
310356
310358
310359
310360
310361
310362
310363
310366
310367
310368
310369
310370
310371
310372
310373
310374
310375
310376
310377
310378
310379
310380
310381
310382
310383
310384
310385
310386
310387
310388
310389
310390
310391
310392
310393
310394
310395
310396
310397
310398
310399
310400
310404
310405
310406
310408
310409
310410
310411
310412
310413
310414
310415
310417
310419
310420
310421
310422
310423
310425
310426
310427
310428
310429
310430
310431
310432
310433
310434
310435
310436
310439
310441
310442
310443
310444
310446
310447
310448
310449
310450
310451
310452
310453
310455
310456
310457
310458
310459
310460
310461
310462
310463
310464
310465
310466
310467
310468
310470
310471
310472
310473
310474
310475
310476
310477
310478
310479
310480
310481
310483
310484
310485
310486
310487
310488
310489
310490
310491
310492
310493
310494
310495
310496
310497
310498
310499
310501
310502
310503
310504
310505
310506
310507
310508
310509
310510
310511
310512
310513
310514
310515
310516
310517
310518
310519
310520
310521
310522
310523
310526
310528
310529
310530
310531
310532
310533
310534
310535
310536
310537
310538
310539
310540
310541
310542
310543
310544
310545
310546
310547
310548
310549
310550
310552
310554
310555
310556
310559
310560
310562
310563
310564
310565
310567
310568
310569
310570
310572
310573
310574
310575
310577
310578
310579
310580
310581
310582
310585
310586
310587
310588
310589
310590
310591
310593
310595
310599
310600
310601
310603
310671
310674
310675
310677
310680
310681
310682
310687
310689
310690
310691
310696
310697
310698
310699
310700
310701
310704
310705
310709
310710
310712
310713
310714
310717
310720
310723
310724
310725
310726
310729
310730
310736
310737
310739
310740
310741
310742
310743
310749
310750
310756
310757
310758
310759
310762
310763
310765
310767
310768
310769
310771
310773
310774
310776
310778
310779
310780
310781
310784
310785
310788
310790
310791
310798
310803
310806
310807
310809
310811
310814
310816
310817
310818
310819
310821
310824
310826
310827
310829
310832
310833
310836
310837
310838
310841
310843
310848
310849
310851
310852
310853
310857
310858
310859
310861
310864
310865
310873
310874
310875
310876
310877
310878
310879
310882
310884
310885
310886
310889
310890
310892
310893
310894
310896
310897
310898
310899
310900
310903
310905
310908
310909
310910
310911
310918
310919
310920
310922
310923
310925
310930
310932
310933
310934
310936
310945
311111
311112
311114
311118
311119
311121
311123
311124
311125
311126
311128
311129
311132
311133
311139
311140
311145
311146
311147
311149
311151
311153
311155
311156
311159
311161
311164
311171
311172
311177
311178
311179
311183
311184
311185
311191
311197
311198
311200
311202
311204
311205
311206
311208
311209
311213
311216
311217
311218
311219
311220
311222
311226
311228
311230
311234
311235
311236
311244
311246
311247
311252
311254
311255
311256
311261
311263
311264
311266
311267
311271
311272
311275
311277
311279
311297
311299
311300
311303
311311
311313
311314
311317
311321
311322
311324
311329
311331
311332
311334
311338
311347
311349
311351
311352
311354
311356
311360
311361
311364
311365
311366
311368
311372
311373
311376
311377
311380
311381
311382
311383
311385
311387
311388
311392
311426
311434
311442
311541
311542
311543
311544
311545
311546
311548
311550
311551
311553
311554
311555
311558
311560
311564
311565
311566
311567
311568
311570
311574
311575
311576
311577
311578
311579
311580
311582
311583
311584
311585
311589
311590
311592
311593
311594
311595
311596
311597
311600
311602
311603
311607
311608
311609
311610
311611
311612
311613
311614
311615
311616
311617
311618
311619
311620
311621
311622
311623
311624
311625
311626
311627
311628
311630
311631
311632
311633
311634
311636
311637
311641
311642
311643
311644
311646
311647
311649
311650
311651
311652
311653
311654
311655
311656
311657
311658
311659
311660
311662
311663
311664
311665
311666
311669
311670
311672
311675
311676
311677
311678
311679
311681
311683
311685
311687
311689
311690
311691
311692
311694
311695
311696
311697
311698
311699
311700
311701
311702
311703
311704
311705
311706
311707
311708
311709
311710
311711
311712
311713
311714
311715
311716
311717
311718
311719
311720
311722
311723
311724
311725
311726
311727
311729
311734
311791
311792
311793
311794
311795
311796
311797
311798
311799
311800
311801
311802
311803
311804
311805
311806
311807
311808
311809
311810
311811
311812
311813
311814
311815
311834
311843
311848
311852
311855
311856
311860
311866
311871
311874
311880
311881
311883
311890
311891
311895
311904
311912
311923
311971
311972
311973
311974
311975
311976
311978
311979
311980
311981
311982
311983
311987
311989
311990
311991
311992
311993
311994
311996
312012
312035
312036
312037
312041
312042
312043
312048
312049
312050
312051
312052
312054
312055
312056
312057
312058
312059
312060
312061
312062
312064
312065
312066
312068
312069
312070
312071
312073
312074
312076
312077
312078
312079
312081
312082
312083
312084
312085
312086
312087
312088
312089
312090
312091
312122
312123
312124
312126
312127
312128
312129
312130
312132
312133
312135
312136
312137
312138
312140
312141
312142
312143
312145
312147
312148
312149
312150
312153
312154
312155
312156
312157
312158
312159
312160
312161
312163
312164
312165
312166
312167
312168
312169
312170
312171
312172
312175
312176
312178
312180
312181
312182
312184
312185
312186
312187
312191
312192
312193
312194
312195
312196
312198
312199
312201
312202
312203
312204
312206
312207
312211
312212
312213
312214
312215
312216
312217
312218
312219
312220
312222
312224
312225
312226
312228
312229
312230
312231
312232
312233
312234
312235
312236
312237
312238
312239
312240
312244
312245
312246
312249
312250
312251
312252
312254
312255
312256
312257
312258
312261
312262
312264
312266
312268
312269
312270
312272
312273
312274
312275
312276
312277
312279
312280
312281
312282
312283
312284
312285
312287
312288
312289
312291
312292
312293
312294
312295
312299
312301
312302
312303
312305
312306
312307
312308
312309
312310
312312
312313
312314
312316
312317
312319
312325
312326
312327
312332
312333
312334
312335
312336
312337
312338
312339
312340
312341
312343
312347
312350
312351
312352
312353
312354
312355
312356
312357
312358
312362
312363
312364
312365
312367
312368
312369
312370
312372
312373
312374
312375
312376
312379
312381
312382
312383
312384
312385
312387
312388
312389
312390
312391
312392
312393
312394
312395
312396
312398
312399
312400
312401
312402
312404
312405
312408
312410
312411
312412
312413
312414
312415
312416
312417
312419
312420
312421
312422
312423
312424
312425
312426
312428
312429
312430
312431
312432
312433
312434
312436
312437
312438
312439
312440
312441
312445
312447
312448
312449
312450
312451
312452
312455
312456
312458
312511
312512
312513
312514
312515
312516
312517
312518
312519
312520
312521
312522
312541
312542
312543
312544
312545
312546
312547
312548
312549
312550
312551
312552
312553
312554
312555
312557
312558
312571
312572
312573
312574
312575
312576
312577
312578
312579
312580
312581
312582
312583
312584
312585
312586
312587
312588
312589
312590
312591
312592
312593
312594
312595
312596
312597
312598
312599
312600
312601
312602
312603
312621
312622
312623
312624
312625
312629
312632
312634
312637
312638
312643
312646
312647
312648
312649
312650
312653
312654
312657
312659
312660
312661
312662
312664
312666
312667
312668
312671
312672
312673
312674
312675
312676
312677
312681
312683
312685
312686
312688
312691
312693
312695
312696
312702
312703
312704
312705
312706
312708
312709
312713
312714
312715
312717
312718
312721
312726
312728
312729
312731
312733
312734
312737
312738
312739
312740
312741
312742
312743
312745
312746
312747
312749
312750
312751
312752
312753
312754
312756
312757
312759
312761
312762
312766
312767
312768
312769
312770
312771
312772
312773
312775
312776
312778
312780
312782
312784
312785
312786
312789
312790
312793
312794
312796
312798
312799
312800
312801
312802
312805
312806
312807
312808
312810
312814
312815
312816
312817
312818
312820
312821
312822
312823
312825
312826
312827
312828
312829
312830
312831
312833
312836
312837
312838
312839
312840
312841
312842
312843
312844
312848
312849
312850
312851
312852
312853
312854
312855
312856
312857
312858
312859
312860
312862
312863
312864
312865
312866
312867
312871
312872
312873
312875
312876
312877
312878
312879
312881
312883
312888
312889
312892
312893
312894
312895
312896
312897
312898
312899
312900
312901
312902
312903
312905
312906
312907
312908
312910
312911
312913
312914
312915
312920
312924
312925
312926
312928
312930
312933
312934
312936
312937
312939
312943
312944
312945
312946
312948
312950
312951
312953
312957
312958
312961
312962
312963
312964
312966
312968
312969
312970
312972
312973
312974
312975
312976
312977
312979
312980
312982
312987
312990
312995
313074
313075
313076
313091
313092
313093
313094
313095
313096
313097
313098
313101
313102
313103
313104
313105
313106
313107
313108
313109
313110
313111
313112
313113
313114
313115
313117
313118
313119
313120
313124
313125
313126
313127
313128
313129
313131
313132
313133
313134
313135
313136
313137
313138
313161
313162
313163
313201
313221
313223
313224
313227
313231
313232
313234
313235
313236
313245
313253
313256
313257
313263
313270
313276
313277
313284
313289
313290
313293
313297
313298
313305
313312
313314
313315
313423
313424
313432
313436
313437
313443
313451
313457
313459
313461
313464
313465
313515
313518
313520
313528
313544
313571
313578
313583
313589
313631
313632
313634
313635
313636
313637
313641
313643
313644
313646
313648
313650
313651
313652
313653
313654
313657
313659
313661
313664
313665
313666
313668
313672
313701
313702
313703
313704
313705
313706
313707
313708
313709
313710
313713
313715
313718
313719
313725
313727
313729
313730
313731
313732
313733
313735
313736
313737
313738
313771
313772
313773
313774
313775
313776
313777
313778
313779
313781
313782
313783
313784
313785
313786
313787
313788
313789
313790
313792
313793
313794
313796
313797
313798
313799
313800
313801
313802
313804
313807
313810
313811
313812
313813
313815
313816
313819
313820
313822
313825
313826
313827
313828
313830
313831
313832
313833
313835
313836
313838
313840
313841
313842
313843
313844
313846
313849
313850
313851
313852
313854
313855
313856
313857
313858
313859
313860
313863
313864
313865
313866
313867
313868
313869
313870
313872
313873
313874
313876
313877
313878
313879
313880
313881
313882
313883
313884
313885
313886
313887
313962
313967
313969
313971
314001
314007
314009
314010
314012
314015
314019
314024
314026
314027
314028
314032
314033
314035
314037
314038
314040
314041
314042
314045
314049
314051
314052
314053
314054
314056
314057
314060
314065
314067
314069
314070
314072
314073
314075
314078
314080
314081
314085
314086
314089
314092
314094
314096
314097
314100
314103
314105
314108
314112
314115
314118
314123
314126
314127
314128
314130
314132
314141
314142
314150
314151
314153
314156
314159
314162
314164
314165
314167
314171
314173
314175
314177
314179
314180
314181
314182
314184
314185
314188
314189
314191
314192
314195
314207
314421
314422
314425
314426
314427
314429
314430
314433
314434
314435
314436
314438
314439
314440
314443
314444
314445
314446
314447
314448
314449
314451
314492
314497
314524
314526
314527
314529
314531
314532
314533
314534
314535
314537
314541
314542
314549
314554
314555
314559
314560
314564
314567
314571
314572
314573
314574
314577
314582
314584
314585
314590
314598
314741
314755
314769
314770
314772
314774
314776
314777
314778
314781
314797
314799
314801
314806
314819
314823
314827
314829
314830
314832
314834
314839
314841
314846
314944
314945
314991
314992
314993
314994
314995
314996
314997
314998
315000
315001
315002
315003
315004
315005
315006
315007
315008
315041
315042
315043
315044
315045
315046
315047
315048
315050
315051
315052
315053
315054
315055
315056
315057
315058
315059
315060
315061
315062
315063
315064
315065
315066
315067
315068
315069
315070
315071
315072
315073
315074
315075
315076
315077
315078
315079
315080
315081
315082
315083
315084
315085
315086
315087
315088
315090
315091
315092
315093
315094
315095
315098
315099
315100
315101
315102
315103
315104
315105
315106
315107
315108
315109
315110
315111
315112
315113
315114
315115
315116
315117
315118
315119
315120
315121
315122
315123
315124
315125
315126
315127
315128
315129
315130
315131
315132
315133
315134
315135
315136
315137
315138
315139
315140
315141
315142
315143
315144
315145
315146
315147
315148
315149
315150
315151
315152
315153
315154
315155
315156
315157
315158
315159
315160
315161
315164
315191
315192
315193
315195
315196
315197
315198
315200
315201
315203
315204
315205
315206
315207
315208
315209
315210
315211
315212
315213
315214
315215
315217
315218
315219
315220
315221
315222
315223
315225
315227
315228
315229
315230
315231
315232
315233
315234
315235
315237
315238
315239
315240
315241
315242
315243
315244
315248
315249
315250
315251
315253
315254
315255
315256
315257
315258
315260
315261
315262
315263
315265
315266
315267
315268
315269
315272
315273
315274
315275
315276
315277
315278
315280
315281
315283
315284
315285
315286
315287
315293
315297
315298
315301
315302
315303
315304
315306
315308
315309
315310
315311
315315
315316
315318
315319
315320
315321
315323
315324
315325
315326
315327
315328
315330
315331
315332
315333
315338
315340
315342
315343
315344
315345
315346
315348
315349
315350
315351
315352
315353
315354
315355
315356
315357
315358
315359
315360
315361
315362
315363
315364
315365
315366
315367
315368
315369
315370
315372
315373
315375
315376
315377
315378
315379
315380
315381
315382
315383
315384
315385
315386
315387
315388
315389
315391
315392
315393
315394
315395
315396
315397
315398
315400
315401
315403
315404
315405
315406
315408
315411
315412
315413
315414
315415
315416
315417
315418
315420
315421
315422
315423
315424
315425
315426
315427
315428
315429
315430
315431
315432
315433
315434
315435
315436
315437
315438
315439
315440
315441
315442
315443
315444
315445
315446
315448
315449
315450
315451
315452
315454
315456
315457
315460
315461
315463
315464
315465
315466
315467
315468
315469
315470
315471
315472
315474
315475
315477
315478
315479
315480
315482
315483
315484
315485
315486
315487
315488
315489
315490
315491
315492
315493
315494
315495
315496
315498
315499
315500
315501
315502
315503
315504
315505
315506
315507
315508
315509
315510
315511
315512
315514
315516
315517
315518
315519
315520
315521
315522
315523
315524
315526
315528
315529
315530
315531
315532
315533
315535
315536
315537
315538
315540
315541
315542
315543
315544
315545
315546
315548
315549
315550
315551
315552
315553
315554
315555
315556
315557
315558
315559
315560
315561
315562
315563
315564
315565
315567
315568
315569
315570
315571
315572
315573
315574
315575
315576
315577
315578
315579
315583
315584
315585
315586
315587
315588
315589
315590
315591
315592
315593
315594
315595
315596
315597
315598
315599
315600
315601
315602
315603
315604
315606
315607
315609
315610
315613
315673
315675
315676
315677
315678
315679
315681
315682
315683
315684
315685
315687
315688
315689
315690
315691
315692
315693
315694
315695
315696
315697
315698
315699
315701
315702
315703
315704
315705
315706
315707
315708
315710
315711
315712
315714
315715
315716
315721
315722
315724
315725
315726
315728
315729
315730
315731
315733
315734
315735
315736
315737
315738
315739
315741
315742
315743
315744
315745
315746
315748
315749
315753
315754
315756
315757
315760
315761
315763
315765
315766
315767
315768
315769
315772
315774
315776
315779
315780
315781
315782
315783
315784
315785
315786
315787
315788
315790
315791
315792
315841
315842
315843
315844
315845
315846
315847
315848
315849
315850
315851
315852
315853
315854
315855
315856
315857
315858
315859
315860
315861
315862
315863
315864
315865
315866
315867
315868
315869
315870
315871
315872
315873
315874
315875
315876
315877
315878
315879
315880
315881
315901
315902
315903
315904
315905
315906
315907
315908
315909
315910
315911
315912
315913
315914
315916
315917
315918
315919
315920
315921
315922
315923
315924
315925
315926
315927
315928
315929
315930
315931
315932
315933
315934
315935
315936
315937
315938
315939
315940
315942
315943
315944
315945
315946
315947
315948
315949
315950
315951
315952
315953
315954
315955
315956
315957
315958
315959
315960
315961
315962
315963
315964
315965
315966
315967
315968
315969
315970
315971
315972
315973
315974
315976
315977
315978
315979
315980
315981
315982
315983
315984
315985
315986
315987
315988
315989
315990
315991
315992
315993
315994
315995
315996
315997
315998
315999
316000
316001
316002
316003
316004
316005
316006
316007
316008
316009
316010
316011
316012
316013
316014
316015
316016
316017
316018
316019
316020
316021
316023
316024
316025
316026
316027
316028
316029
316030
316031
316032
316033
316034
316035
316036
316037
316038
316039
316040
316041
316042
316043
316044
316045
316046
316047
316048
316049
316071
316072
316073
316091
316093
316094
316097
316098
316100
316104
316121
316122
316123
316124
316125
316126
316127
316128
316129
316130
316131
316132
316133
316134
316135
316136
316137
316138
316139
316140
316141
316142
316143
316144
316145
316146
316147
316148
316149
316151
316153
316154
316155
316171
316173
316174
316175
316177
316178
316179
316180
316181
316183
316184
316186
316188
316189
316190
316192
316193
316194
316195
316198
316199
316200
316201
316202
316203
316204
316205
316206
316208
316209
316210
316211
316212
316213
316214
316215
316217
316218
316219
316220
316221
316222
316224
316225
316226
316227
316228
316229
316230
316231
316232
316233
316234
316235
316236
316237
316238
316239
316240
316242
316243
316246
316250
316251
316252
316255
316257
316258
316259
316260
316265
316266
316267
316269
316270
316272
316275
316276
316277
316301
316302
316303
316304
316305
316306
316307
316308
316309
316310
316311
316312
316313
316314
316315
316316
316317
316318
316319
316320
316321
316322
316323
316325
316326
316328
316329
316330
316351
316352
316353
316354
316355
316356
316357
316358
316359
316360
316361
316362
316363
316364
316365
316366
316367
316368
316369
316370
316371
316372
316373
316374
316375
316376
316377
316378
316379
316380
316381
316382
316383
316384
316385
316386
316387
316388
316389
316390
316391
316392
316393
316394
316395
316396
316397
316398
316399
316400
316401
316402
316403
316404
316405
316406
316407
316408
316409
316410
316412
316431
316432
316433
316434
316435
316437
316438
316439
316441
316442
316443
316444
316445
316446
316447
316448
316449
316454
316473
316475
316476
316484
316486
316488
316521
316522
316523
316524
316525
316526
316527
316528
316529
316530
316531
316532
316533
316534
316535
316536
316537
316538
316539
316540
316541
316542
316543
316544
316545
316546
316547
316548
316549
316550
316551
316552
316553
316554
316571
316573
316575
316576
316577
316591
316592
316593
316594
316595
316596
316597
316599
316600
316602
316603
316604
316605
316606
316607
316608
316609
316610
316611
316612
316613
316614
316615
316616
316617
316618
316619
316620
316621
316622
316624
316625
316626
316627
316628
316629
316630
316631
316632
316634
316635
316636
316637
316638
316639
316640
316641
316642
316643
316644
316645
316646
316647
316648
316649
316650
316653
316655
316656
316657
316658
316659
316660
316661
316663
316664
316665
316666
316667
316668
316669
316670
316671
316672
316673
316674
316675
316676
316677
316678
316680
316681
316682
316683
316684
316685
316686
316687
316688
316689
316690
316691
316692
316693
316694
316695
316696
316697
316700
316701
316702
316703
316704
316705
316706
316707
316708
316710
316712
316713
316714
316715
316716
316718
316719
316720
316721
316722
316723
316725
316726
316727
316728
316729
316730
316731
316732
316733
316735
316736
316737
316738
316740
316741
316742
316744
316745
316746
316747
316748
316749
316750
316751
316753
316754
316755
316757
316758
316759
316760
316761
316763
316764
316765
316766
316767
316768
316770
316771
316772
316774
316775
316776
316777
316778
316779
316780
316781
316782
316783
316784
316785
316786
316788
316789
316790
316791
316792
316793
316794
316795
316796
316797
316798
316799
316800
316801
316802
316803
316804
316805
316806
316807
316808
316809
316811
316813
316814
316815
316816
316817
316818
316819
316820
316821
316822
316823
316824
316825
316826
316827
316828
316829
316831
316832
316833
316834
316835
316836
316837
316838
316839
316840
316841
316842
316843
316844
316845
316846
316847
316848
316849
316850
316851
316852
316853
316854
316855
316856
316857
316858
316859
316860
316862
316863
316864
316865
316866
316867
316868
316869
316870
316871
316872
316873
316874
316875
316877
316878
316879
316881
316882
316883
316884
316885
316887
316888
316889
316890
316892
316893
316894
316896
316897
316898
316951
316953
316954
316955
316956
316957
316958
316960
316964
316965
316966
316967
316968
316971
316972
316973
316975
316976
316978
316980
316981
316982
316983
316984
316987
316989
316991
316992
316993
316994
316995
316996
316997
316998
316999
317000
317001
317003
317004
317005
317006
317007
317008
317009
317010
317011
317012
317013
317015
317016
317017
317018
317019
317020
317021
317022
317023
317025
317026
317027
317029
317030
317032
317033
317034
317035
317036
317037
317038
317039
317040
317041
317043
317044
317045
317046
317047
317048
317050
317051
317053
317054
317055
317056
317057
317058
317059
317060
317061
317062
317063
317064
317065
317066
317067
317068
317069
317070
317071
317072
317073
317075
317076
317077
317078
317079
317080
317081
317082
317084
317086
317088
317089
317091
317095
317098
317100
317102
317104
317105
317106
317109
317110
317111
317112
317114
317115
317116
317117
317120
317121
317122
317124
317126
317127
317128
317130
317131
317132
317133
317135
317136
317137
317138
317139
317140
317141
317142
317143
317144
317145
317146
317147
317148
317150
317151
317152
317153
317154
317157
317158
317159
317160
317161
317162
317163
317164
317165
317166
317167
317168
317170
317171
317172
317173
317175
317176
317178
317179
317180
317181
317182
317183
317184
317185
317186
317187
317188
317189
317190
317191
317192
317193
317194
317195
317197
317198
317199
317201
317202
317203
317204
317205
317206
317208
317209
317210
317212
317213
317214
317217
317220
317221
317222
317223
317226
317227
317228
317230
317232
317233
317234
317236
317237
317238
317239
317240
317241
317242
317243
317244
317246
317248
317249
317250
317255
317256
317258
317260
317261
317262
317263
317264
317265
317267
317269
317270
317272
317274
317275
317276
317277
317278
317282
317284
317285
317286
317287
317288
317290
317391
317393
317396
317398
317399
317402
317403
317404
317406
317408
317411
317412
317413
317416
317417
317419
317420
317421
317427
317428
317429
317431
317434
317438
317440
317447
317448
317449
317450
317455
317456
317460
317461
317467
317468
317469
317475
317476
317477
317480
317481
317484
317486
317487
317489
317491
317492
317493
317494
317495
317499
317500
317501
317502
317503
317504
317505
317507
317509
317512
317513
317514
317518
317520
317521
317523
317524
317525
317528
317529
317535
317538
317539
317542
317544
317545
317546
317547
317548
317549
317551
317553
317554
317555
317556
317557
317559
317563
317570
317574
317575
317579
317582
317583
317585
317588
317590
317596
317597
317598
317599
317601
317605
317615
317618
317619
317624
317627
317628
317629
317630
317634
317635
317640
317643
317645
317648
317649
317651
317722
317723
317725
317726
317728
317729
317731
317733
317734
317735
317737
317738
317739
317740
317763
317767
317768
317769
317771
317772
317774
317775
317777
317778
317780
317784
317788
317790
317791
317792
317793
317794
317796
317797
317798
317802
317803
317806
317807
317808
317809
317811
317817
317818
317820
317821
317822
317823
317824
317825
317826
317827
317828
317829
317831
317832
317833
317841
317842
317843
317846
317847
317848
317849
317852
317854
317856
317859
317860
317864
317865
317867
317869
317871
317872
317873
317874
317876
317877
317878
317879
317880
317885
317886
317887
317889
317890
317892
317893
317894
317895
317898
317900
317903
317905
317908
317909
317910
317911
317912
317913
317916
317919
317922
317923
317926
317927
317931
317933
317935
317936
317937
317938
317944
317945
317946
317947
317950
317952
317955
317956
317957
317960
317966
317967
317968
317969
318051
318052
318053
318054
318056
318057
318058
318059
318060
318062
318064
318066
318067
318069
318071
318072
318074
318075
318076
318077
318078
318080
318112
318113
318114
318115
318117
318119
318120
318121
318123
318124
318125
318126
318127
318128
318129
318130
318131
318133
318134
318135
318136
318139
318140
318141
318143
318144
318145
318147
318148
318149
318150
318151
318152
318153
318154
318155
318156
318157
318158
318159
318160
318161
318162
318163
318164
318165
318193
318197
318198
318202
318203
318204
318205
318206
318208
318209
318211
318212
318213
318214
318215
318217
318218
318220
318221
318222
318223
318225
318226
318227
318228
318229
318251
318252
318253
318254
318255
318256
318257
318258
318259
318260
318261
318262
318263
318264
318265
318266
318267
318268
318269
318270
318271
318272
318273
318274
318275
318276
318277
318278
318279
318280
318281
318282
318284
318285
318286
318287
318288
318289
318290
318291
318292
318293
318294
318295
318296
318297
318298
318299
318300
318301
318302
318303
318304
318305
318306
318307
318308
318309
318310
318311
318312
318313
318314
318315
318316
318317
318318
318319
318320
318321
318322
318323
318324
318325
318326
318327
318328
318329
318330
318331
318332
318333
318334
318335
318336
318337
318338
318339
318340
318341
318342
318343
318344
318345
318346
318347
318348
318349
318350
318351
318352
318353
318354
318355
318356
318357
318358
318359
318360
318361
318362
318363
318364
318365
318366
318367
318368
318369
318370
318371
318372
318373
318374
318375
318376
318377
318378
318379
318380
318381
318382
318383
318384
318385
318386
318387
318388
318389
318390
318391
318392
318393
318394
318395
318396
318397
318398
318399
318400
318401
318402
318403
318404
318405
318406
318407
318408
318409
318410
318411
318412
318413
318414
318415
318416
318417
318418
318419
318420
318421
318422
318423
318424
318425
318426
318427
318428
318429
318430
318431
318432
318433
318434
318435
318436
318437
318438
318439
318440
318441
318442
318443
318444
318445
318446
318447
318449
318450
318451
318452
318453
318454
318455
318457
318458
318459
318460
318461
318462
318465
318466
318467
318469
318470
318471
318472
318473
318474
318475
318476
318477
318478
318479
318480
318481
318482
318483
318484
318485
318486
318487
318488
318489
318491
318492
318493
318494
318495
318496
318497
318498
318499
318500
318501
318502
318503
318504
318505
318506
318507
318508
318509
318510
318511
318512
318513
318514
318515
318516
318517
318518
318519
318520
318521
318522
318523
318524
318525
318526
318527
318528
318529
318530
318531
318532
318533
318534
318535
318536
318537
318538
318539
318541
318542
318543
318544
318545
318546
318547
318548
318549
318551
318552
318553
318554
318555
318556
318557
318558
318559
318560
318561
318562
318563
318564
318565
318566
318567
318568
318569
318570
318571
318572
318573
318574
318601
318602
318603
318604
318605
318606
318607
318608
318610
318612
318613
318614
318615
318616
318617
318620
318621
318622
318623
318624
318625
318626
318627
318629
318630
318631
318632
318633
318634
318635
318636
318637
318638
318639
318640
318641
318642
318643
318644
318645
318646
318647
318648
318649
318650
318651
318653
318654
318656
318657
318658
318660
318662
318663
318664
318665
318666
318667
318669
318672
318673
318674
318675
318678
318679
318680
318682
318683
318686
318687
318688
318689
318690
318691
318695
318696
318697
318698
318700
318702
318703
318704
318746
318747
318748
318751
318752
318753
318754
318755
318756
318757
318761
318762
318764
318766
318767
318768
318769
318770
318774
318775
318776
318777
318778
318780
318781
318785
318787
318789
318790
318791
318792
318795
318796
318799
318801
318802
318804
318805
318810
318813
318814
318816
318817
318818
318819
318820
318821
318822
318823
318826
318827
318829
318830
318831
318836
318837
318838
318839
318840
318841
318843
318845
318847
318848
318850
318851
318852
318853
318854
318855
318856
318857
318859
318860
318862
318863
318865
318866
318867
318868
318869
318873
318874
318875
318876
318877
318879
318911
318912
318913
318914
318918
318919
318924
318925
318926
318927
318930
318931
318932
318933
318936
318937
318938
318939
318940
318941
318942
318944
318945
318946
318947
318948
318949
318950
318951
318952
318953
318954
318956
318957
318959
318960
318961
318962
318964
318965
318966
318967
318968
318970
318971
318972
318973
318974
318975
318976
318978
318979
318980
318981
318982
318983
318984
318985
318986
318987
318988
318989
318990
318991
318992
318993
318994
318995
318996
318997
318998
318999
319000
319001
319002
319003
319005
319006
319007
319008
319009
319010
319011
319042
319043
319044
319045
319046
319047
319048
319049
319050
319051
319053
319054
319055
319056
319057
319058
319059
319060
319061
319062
319063
319064
319065
319066
319067
319068
319069
319070
319071
319072
319073
319074
319075
319076
319077
319078
319079
319080
319081
319082
319083
319087
319088
319089
319090
319091
319092
319093
319095
319096
319097
319099
319100
319101
319102
319103
319104
319105
319107
319108
319109
319110
319111
319112
319114
319115
319116
319117
319118
319119
319120
319121
319122
319123
319125
319152
319154
319156
319157
319164
319169
319171
319174
319175
319183
319184
319187
319231
319232
319233
319234
319235
319236
319238
319240
319241
319243
319244
319245
319246
319247
319248
319249
319251
319252
319253
319255
319256
319257
319258
319259
319260
319261
319264
319265
319281
319282
319283
319284
319285
319286
319287
319288
319289
319290
319291
319292
319293
319294
319295
319296
319297
319298
319299
319300
319301
319302
319303
319304
319305
319306
319307
319308
319309
319310
319311
319312
319313
319314
319315
319316
319317
319318
319332
319334
319335
319336
319338
319339
319340
319342
319343
319344
319345
319346
319347
319348
319349
319351
319352
319353
319354
319355
319356
319357
319358
319359
319360
319361
319362
319363
319364
319365
319367
319368
319369
319370
319371
319372
319373
319374
319375
319376
319377
319378
319379
319380
319381
319382
319383
319384
319385
319386
319387
319388
319389
319390
319391
319392
319393
319411
319412
319413
319414
319415
319416
319418
319420
319421
319422
319423
319424
319425
319426
319444
319445
319446
319448
319449
319451
319452
319453
319456
319459
319493
319496
319497
319498
319499
319500
319501
319503
319504
319505
319507
319509
319511
319514
319517
319518
319519
319520
319524
319525
319526
319527
319528
319529
319531
319532
319538
319539
319540
319541
319543
319544
319545
319546
319547
319548
319550
319551
319552
319555
319556
319557
319559
319560
319563
319564
319565
319566
319567
319568
319569
319571
319574
319575
319580
319582
319583
319584
319589
319590
319595
319597
319598
319599
319601
319602
319607
319661
319662
319663
319664
319665
319666
319667
319670
319671
319672
319673
319674
319675
319676
319677
319678
319679
319681
319683
319684
319685
319686
319687
319688
319689
319690
319691
319692
319693
319694
319695
319696
319697
319698
319699
319700
319703
319704
319705
319706
319708
319710
319713
319714
319731
319732
319733
319734
319735
319736
319737
319738
319751
319752
319753
319754
319755
319756
319757
319758
319759
319760
319801
319821
319822
319824
319825
319827
319828
319829
319830
319831
319832
319834
319835
319836
319837
319838
319840
319865
319867
319869
319901
319903
319908
319912
319914
319917
319918
319919
319920
319921
319925
319926
319929
319930
319932
319935
319955
319956
319981
319982
319983
319984
319986
319987
319988
319989
319990
319991
319993
319994
319995
320011
320012
320013
320014
320015
320016
320031
320032
320033
320034
320035
320052
320056
320057
320058
320059
320062
320063
320064
320066
320067
320069
320071
320072
320073
320074
320075
320077
320078
320080
320083
320086
320087
320088
320089
320090
320091
320092
320093
320094
320095
320097
320098
320099
320101
320102
320103
320104
320105
320106
320107
320108
320109
320110
320111
320112
320113
320114
320115
320116
320117
320118
320119
320121
320122
320123
320124
320125
320127
320128
320129
320130
320134
320135
320136
320137
320139
320141
320142
320145
320146
320147
320148
320149
320150
320151
320152
320154
320155
320158
320159
320160
320161
320162
320163
320164
320165
320166
320167
320168
320169
320170
320171
320172
320173
320175
320176
320177
320179
320180
320181
320182
320183
320185
320186
320187
320188
320189
320190
320191
320192
320193
320194
320195
320196
320197
320198
320199
320200
320201
320202
320203
320205
320206
320209
320261
320262
320263
320264
320265
320266
320267
320268
320269
320270
320271
320272
320273
320274
320275
320276
320277
320278
320279
320280
320281
320282
320283
320284
320285
320286
320287
320288
320289
320290
320291
320292
320293
320294
320295
320296
320297
320298
320299
320300
320301
320302
320303
320304
320305
320306
320307
320308
320309
320310
320311
320312
320313
320314
320315
320316
320317
320318
320319
320320
320321
320322
320323
320324
320325
320326
320327
320329
320330
320331
320332
320333
320334
320335
320336
320337
320338
320339
320340
320341
320342
320343
320344
320345
320346
320347
320348
320349
320350
320351
320352
320353
320354
320355
320356
320357
320358
320359
320360
320361
320362
320363
320364
320365
320366
320367
320368
320369
320370
320371
320372
320373
320374
320375
320376
320377
320378
320379
320380
320381
320382
320383
320384
320385
320386
320387
320388
320389
320390
320391
320392
320393
320394
320395
320396
320397
320398
320399
320400
320401
320402
320403
320404
320405
320406
320407
320408
320409
320410
320411
320412
320413
320414
320415
320416
320441
320442
320443
320444
320447
320449
320451
320452
320453
320454
320457
320460
320461
320462
320463
320464
320466
320469
320470
320471
320472
320473
320474
320475
320477
320478
320480
320481
320483
320486
320487
320488
320489
320491
320492
320493
320494
320495
320496
320497
320500
320501
320502
320503
320504
320505
320507
320509
320510
320511
320512
320513
320514
320515
320516
320517
320518
320519
320520
320521
320522
320523
320524
320525
320526
320529
320530
320531
320540
320541
320543
320544
320594
320596
320599
320600
320603
320604
320605
320606
320607
320608
320609
320611
320612
320613
320614
320615
320616
320617
320618
320619
320620
320622
320623
320625
320626
320627
320628
320629
320630
320631
320632
320634
320635
320636
320637
320638
320639
320640
320641
320643
320644
320645
320646
320647
320648
320649
320650
320651
320652
320653
320654
320655
320656
320657
320659
320660
320661
320662
320663
320664
320665
320666
320667
320668
320669
320670
320671
320672
320673
320674
320675
320676
320678
320679
320682
320683
320684
320685
320686
320711
320712
320713
320714
320715
320716
320717
320718
320719
320720
320721
320722
320723
320724
320725
320726
320727
320728
320729
320730
320731
320732
320733
320734
320735
320736
320737
320738
320739
320740
320741
320742
320743
320744
320745
320746
320747
320748
320749
320750
320751
320752
320753
320754
320755
320756
320757
320758
320759
320760
320761
320762
320763
320764
320765
320766
320767
320768
320769
320770
320771
320772
320773
320775
320776
320777
320778
320779
320780
320781
320782
320783
320784
320785
320786
320787
320788
320789
320790
320791
320792
320793
320794
320795
320796
320797
320798
320799
320800
320801
320802
320803
320804
320805
320806
320807
320808
320809
320811
320812
320813
320814
320815
320816
320817
320818
320819
320820
320821
320822
320823
320824
320825
320826
320827
320828
320829
320830
320831
320832
320833
320834
320835
320836
320837
320838
320839
320840
320841
320842
320843
320844
320845
320846
320847
320848
320849
320850
320851
320852
320853
320854
320855
320856
320857
320858
320859
320860
320861
320862
320863
320864
320865
320866
320867
320868
320869
320870
320871
320872
320873
320874
320875
320876
320877
320878
320879
320880
320882
320883
320884
320885
320886
320887
320888
320889
320890
320891
320892
320893
320894
320895
320896
320897
320898
320899
320900
320901
320902
320903
320904
320905
320906
320907
320908
320909
320910
320911
320912
320913
320915
320916
320917
320918
320919
320920
320921
320922
320923
320924
320925
320926
320927
320928
320929
320930
320931
320932
320935
320936
320937
320938
320939
320940
320941
320942
320943
320944
320945
320946
320947
320948
320949
320950
320951
320952
320953
320954
320956
320957
320958
320959
320961
320962
320963
320964
320965
320966
320967
320968
320969
320970
320971
320972
321001
321002
321003
321004
321005
321006
321007
321008
321009
321010
321011
321012
321013
321014
321015
321016
321017
321018
321019
321020
321021
321022
321023
321024
321025
321026
321027
321028
321029
321030
321032
321033
321051
321052
321053
321054
321055
321056
321057
321058
321059
321060
321061
321062
321063
321064
321065
321066
321067
321068
321069
321070
321071
321091
321092
321093
321094
321095
321096
321097
321098
321099
321100
321101
321102
321103
321104
321105
321106
321107
321108
321109
321110
321111
321112
321113
321114
321115
321116
321117
321118
321119
321120
321121
321122
321123
321124
321125
321126
321127
321128
321129
321130
321131
321132
321133
321134
321135
321136
321137
321138
321139
321140
321141
321142
321143
321144
321145
321146
321147
321148
321149
321150
321151
321152
321153
321154
321155
321156
321157
321158
321181
321182
321183
321184
321185
321186
321187
321188
321189
321190
321191
321192
321193
321194
321195
321196
321197
321198
321199
321200
321202
321203
321204
321205
321206
321207
321208
321209
321210
321212
321213
321214
321215
321217
321218
321219
321220
321221
321222
321223
321224
321225
321226
321227
321228
321229
321230
321231
321232
321233
321234
321235
321236
321237
321238
321239
321240
321241
321242
321244
321245
321246
321247
321261
321262
321263
321264
321265
321266
321267
321268
321269
321270
321271
321272
321273
321274
321275
321276
321277
321278
321279
321280
321281
321282
321283
321284
321285
321286
321287
321288
321289
321290
321291
321292
321293
321294
321295
321296
321297
321298
321299
321300
321301
321302
321303
321304
321305
321306
321307
321308
321309
321310
321311
321312
321313
321314
321315
321316
321317
321318
321319
321320
321321
321322
321323
321324
321325
321326
321327
321328
321329
321330
321331
321332
321333
321334
321335
321336
321337
321338
321339
321340
321341
321342
321343
321344
321345
321346
321347
321348
321372
321373
321374
321375
321376
321378
321381
321382
321385
321386
321387
321390
321391
321392
321393
321394
321395
321396
321398
321400
321401
321402
321403
321404
321405
321406
321407
321408
321410
321411
321412
321413
321414
321416
321417
321419
321420
321421
321423
321425
321426
321427
321428
321429
321430
321431
321432
321433
321435
321436
321437
321438
321439
321440
321441
321443
321444
321445
321446
321447
321448
321449
321451
321481
321482
321484
321485
321486
321487
321488
321489
321490
321491
321494
321495
321496
321497
321498
321499
321501
321503
321521
321522
321523
321525
321526
321527
321528
321529
321531
321532
321533
321534
321535
321537
321538
321539
321540
321541
321542
321543
321545
321546
321547
321548
321549
321550
321552
321554
321555
321556
321557
321558
321559
321560
321561
321562
321563
321564
321565
321566
321567
321568
321569
321570
321571
321572
321573
321574
321575
321576
321578
321579
321580
321581
321582
321583
321584
321585
321587
321611
321612
321613
321614
321615
321616
321617
321619
321620
321621
321622
321642
321643
321644
321646
321662
321665
321666
321670
321672
321674
321676
321681
321684
321685
321690
321691
321693
321694
321698
321702
321706
321741
321744
321746
321747
321748
321749
321750
321751
321752
321753
321755
321758
321759
321763
321766
321767
321768
321769
321770
321774
321776
321777
321778
321779
321781
321782
321783
321786
321787
321788
321790
321791
321792
321793
321794
321795
321797
321798
321802
321804
321805
321806
321807
321812
321813
321820
321861
321862
321863
321868
321869
321870
321874
321877
321879
321880
321886
321888
321889
321892
321893
321897
321898
321900
321901
321902
321903
321905
321908
321910
321911
321912
321914
321915
321917
321918
321919
321921
321922
321925
321926
321928
321933
321934
321937
321938
321939
321940
321941
321942
321943
321944
321945
321946
321947
321948
321951
321952
321953
321954
321955
321956
321957
321958
321959
321961
321962
321963
321965
321967
321968
321970
321973
321974
321976
321977
321979
321983
321984
321985
321986
321987
321988
321989
321990
321991
321992
321994
321995
321996
321997
321998
322002
322004
322005
322007
322008
322009
322011
322015
322017
322020
322021
322024
322026
322027
322028
322029
322030
322033
322036
322041
322046
322047
322048
322049
322051
322057
322058
322059
322061
322062
322065
322066
322070
322072
322073
322074
322078
322079
322081
322084
322085
322087
322089
322091
322094
322095
322096
322097
322099
322100
322101
322102
322103
322105
322106
322108
322109
322110
322111
322117
322118
322119
322121
322122
322123
322127
322131
322134
322137
322138
322139
322143
322146
322147
322149
322150
322151
322153
322154
322156
322157
322158
322160
322161
322163
322164
322165
322166
322169
322170
322171
322172
322173
322174
322175
322176
322178
322179
322183
322184
322185
322186
322187
322188
322189
322190
322192
322193
322195
322197
322199
322203
322204
322205
322206
322208
322209
322210
322211
322212
322213
322214
322218
322219
322220
322221
322223
322226
322228
322229
322232
322236
322238
322239
322241
322242
322245
322247
322248
322249
322250
322252
322253
322254
322255
322256
322262
322263
322265
322266
322351
322352
322353
322354
322355
322356
322357
322358
322359
322360
322361
322362
322363
322364
322365
322366
322367
322368
322369
322370
322371
322372
322373
322374
322375
322376
322377
322378
322379
322381
322382
322384
322385
322386
322387
322389
322390
322391
322392
322393
322394
322395
322396
322397
322398
322399
322400
322401
322402
322403
322404
322405
322406
322408
322409
322410
322411
322412
322413
322416
322417
322418
322419
322420
322421
322422
322423
322424
322426
322427
322428
322430
322431
322433
322434
322435
322436
322437
322438
322439
322440
322441
322442
322443
322444
322445
322446
322447
322448
322449
322450
322453
322454
322455
322456
322457
322458
322461
322462
322463
322464
322465
322466
322467
322468
322470
322471
322472
322474
322475
322476
322477
322479
322480
322482
322484
322485
322487
322488
322489
322490
322492
322493
322494
322498
322500
322502
322504
322505
322506
322508
322541
322542
322544
322545
322547
322548
322549
322551
322553
322571
322572
322574
322575
322577
322581
322582
322585
322590
322591
322592
322593
322594
322595
322596
322601
322602
322604
322605
322607
322608
322609
322611
322618
322619
322620
322622
322623
322626
322627
322629
322631
322636
322637
322638
322639
322640
322641
322643
322644
322647
322649
322654
322655
322656
322657
322658
322660
322663
322665
322666
322668
322669
322670
322675
322711
322712
322714
322716
322717
322718
322721
322722
322724
322725
322726
322728
322729
322730
322731
322732
322751
322752
322753
322754
322755
322757
322758
322759
322760
322761
322763
322764
322765
322766
322768
322769
322770
322771
322772
322773
322776
322777
322778
322779
322780
322781
322782
322785
322786
322787
322788
322790
322791
322792
322793
322794
322795
322796
322797
322798
322799
322800
322801
322803
322806
322808
322809
322810
322811
322812
322813
322814
322815
322816
322817
322821
322822
322823
322825
322826
322828
322829
322831
322872
322873
322875
322877
322878
322881
322882
322905
322909
322913
322918
322921
322929
322934
322936
322941
322945
322949
322951
322952
322953
322955
322956
322957
322960
322961
322972
322977
322982
322987
322990
322998
323051
323053
323054
323055
323056
323057
323058
323059
323060
323061
323063
323064
323066
323067
323068
323069
323070
323071
323072
323073
323074
323075
323076
323077
323079
323080
323081
323082
323083
323084
323085
323086
323087
323088
323089
323090
323091
323093
323094
323095
323096
323098
323099
323100
323101
323102
323103
323104
323105
323106
323107
323109
323110
323111
323112
323113
323114
323116
323117
323118
323119
323120
323121
323123
323124
323125
323126
323127
323128
323129
323130
323132
323133
323135
323136
323137
323138
323139
323140
323141
323142
323143
323144
323146
323147
323148
323149
323150
323151
323152
323153
323154
323155
323156
323157
323158
323159
323160
323161
323162
323163
323164
323165
323166
323167
323168
323169
323170
323171
323172
323173
323174
323175
323176
323177
323178
323179
323201
323202
323203
323204
323205
323206
323207
323208
323209
323210
323211
323212
323213
323216
323217
323218
323219
323220
323221
323222
323224
323225
323226
323228
323229
323230
323231
323233
323234
323237
323261
323265
323266
323269
323272
323273
323276
323277
323278
323280
323281
323284
323286
323287
323288
323292
323294
323296
323297
323298
323299
323300
323302
323303
323304
323305
323308
323310
323311
323313
323314
323315
323316
323385
323386
323390
323391
323397
323404
323408
323413
323414
323442
323443
323444
323445
323446
323449
323450
323451
323452
323453
323458
323463
323466
323468
323469
323470
323472
323480
323481
323483
323485
323487
323488
323489
323490
323491
323494
323540
323561
323569
323605
323606
323608
323613
323615
323616
323617
323621
323671
323673
323674
323675
323678
323683
323684
323686
323689
323690
323691
323692
323693
323696
323697
323698
323699
323701
323702
323703
323705
323706
323707
323708
323709
323710
323712
323713
323715
323716
323717
323718
323719
323720
323721
323722
323724
323725
323726
323727
323729
323731
323732
323733
323737
323738
323739
323740
323741
323742
323743
323746
323747
323771
323772
323773
323774
323775
323779
323780
323781
323803
323812
323823
323827
323832
323843
323887
323888
323890
323892
323895
323897
323898
323899
323900
323901
323902
323903
323904
323905
323907
323909
323911
323931
323932
323933
323934
323935
323936
323937
323939
323940
323941
323944
323946
323947
323948
323949
323950
323951
323991
323992
323993
323994
323995
323996
323997
323998
323999
324000
324001
324002
324003
324004
324005
324006
324007
324008
324010
324011
324012
324014
324015
324016
324017
324018
324019
324020
324021
324022
324023
324024
324025
324026
324027
324028
324030
324031
324032
324033
324034
324035
324036
324037
324038
324039
324041
324042
324043
324044
324045
324046
324047
324048
324049
324050
324052
324053
324054
324055
324056
324057
324058
324059
324060
324061
324062
324063
324064
324065
324066
324067
324068
324069
324070
324071
324072
324073
324074
324075
324076
324077
324078
324079
324080
324081
324082
324083
324084
324085
324086
324087
324088
324089
324090
324091
324092
324093
324094
324095
324096
324097
324098
324099
324100
324101
324102
324103
324104
324105
324106
324107
324108
324109
324110
324111
324112
324113
324114
324115
324116
324117
324118
324120
324121
324122
324123
324124
324125
324126
324127
324128
324129
324130
324131
324132
324133
324134
324135
324136
324137
324138
324139
324140
324141
324142
324143
324144
324145
324146
324147
324148
324149
324150
324151
324152
324153
324154
324156
324157
324158
324159
324161
324162
324163
324164
324165
324166
324167
324168
324169
324170
324171
324172
324173
324174
324175
324176
324177
324201
324202
324203
324204
324205
324206
324207
324208
324209
324210
324212
324213
324214
324215
324217
324218
324219
324220
324221
324222
324223
324224
324225
324226
324227
324228
324229
324230
324231
324232
324233
324234
324235
324236
324237
324238
324239
324240
324241
324242
324243
324244
324248
324249
324251
324252
324253
324255
324256
324257
324258
324259
324260
324261
324262
324263
324264
324265
324266
324267
324268
324269
324271
324272
324273
324274
324275
324276
324278
324279
324280
324281
324282
324283
324284
324285
324286
324287
324289
324290
324291
324292
324293
324294
324295
324296
324297
324298
324299
324300
324301
324302
324303
324304
324305
324306
324307
324308
324309
324311
324312
324313
324314
324315
324318
324319
324320
324321
324322
324323
324324
324325
324327
324328
324329
324330
324331
324332
324333
324334
324335
324336
324337
324338
324339
324340
324341
324342
324343
324344
324345
324346
324347
324348
324349
324350
324351
324354
324355
324357
324358
324359
324360
324361
324362
324364
324365
324366
324367
324368
324369
324371
324372
324374
324375
324376
324377
324378
324379
324380
324381
324382
324383
324384
324385
324386
324387
324388
324389
324391
324392
324393
324394
324395
324396
324397
324398
324399
324400
324401
324402
324405
324407
324408
324409
324410
324412
324413
324414
324415
324416
324417
324418
324419
324420
324421
324422
324423
324424
324425
324426
324427
324428
324429
324430
324431
324432
324433
324434
324435
324436
324437
324438
324439
324440
324441
324442
324443
324444
324445
324446
324447
324448
324449
324450
324451
324452
324453
324454
324455
324456
324457
324458
324459
324460
324461
324462
324464
324466
324467
324468
324469
324470
324471
324472
324473
324474
324475
324476
324477
324478
324480
324481
324482
324484
324485
324486
324487
324489
324490
324491
324492
324494
324495
324496
324497
324498
324499
324500
324501
324502
324503
324504
324505
324506
324507
324508
324509
324510
324511
324512
324513
324514
324515
324519
324520
324522
324524
324526
324527
324528
324529
324531
324532
324533
324534
324535
324536
324537
324538
324539
324540
324541
324542
324543
324544
324546
324547
324548
324549
324550
324551
324552
324553
324554
324555
324556
324558
324559
324560
324561
324562
324563
324564
324565
324566
324567
324568
324569
324570
324571
324572
324573
324575
324576
324577
324578
324580
324581
324582
324583
324584
324585
324586
324587
324588
324589
324590
324591
324592
324593
324594
324595
324598
324599
324600
324601
324604
324610
324671
324674
324675
324676
324679
324680
324681
324682
324683
324684
324685
324686
324687
324688
324689
324690
324691
324692
324693
324694
324695
324696
324697
324698
324699
324700
324701
324702
324703
324704
324705
324706
324708
324709
324710
324712
324713
324714
324715
324716
324717
324718
324719
324720
324721
324723
324724
324725
324726
324727
324728
324729
324730
324731
324732
324734
324735
324736
324737
324738
324739
324740
324741
324744
324745
324746
324747
324748
324749
324750
324751
324752
324753
324754
324755
324756
324758
324759
324760
324761
324762
324764
324766
324767
324768
324769
324770
324771
324772
324774
324775
324776
324777
324778
324779
324780
324781
324782
324783
324784
324785
324786
324787
324788
324789
324790
324791
324792
324793
324794
324796
324797
324798
324799
324800
324801
324802
324803
324805
324806
324807
324808
324809
324811
324812
324813
324815
324816
324817
324818
324819
324820
324821
324822
324823
324824
324825
324826
324827
324828
324829
324830
324831
324832
324833
324834
324835
324836
324837
324838
324839
324840
324841
324842
324843
324844
324846
324847
324848
324849
324850
324851
324852
324853
324854
324855
324856
324857
324858
324859
324860
324861
324862
324863
324901
324902
324903
324904
324905
324906
324907
324908
324909
324910
324911
324912
324913
324914
324915
324916
324917
324918
324919
324920
324921
324922
324923
324924
324925
324926
324927
324928
324929
324931
324932
324933
324934
324935
324936
324937
324938
324939
324940
324941
324942
324944
324945
324946
324947
324948
324949
324950
324951
324952
324953
324954
324955
324956
324957
324958
324959
324960
324961
324962
324963
324964
324965
324966
324967
324968
324969
324970
324971
324972
324973
324974
324975
324976
324977
324978
324979
324980
324981
324982
324983
324984
324985
324986
324987
324988
324989
324990
324991
324992
324993
324994
324995
324996
324997
324998
324999
325000
325001
325002
325003
325004
325005
325006
325007
325008
325009
325010
325011
325012
325013
325014
325016
325017
325019
325020
325021
325022
325023
325024
325025
325026
325027
325028
325029
325030
325031
325032
325033
325034
325035
325036
325037
325038
325039
325040
325041
325042
325043
325093
325097
325106
325110
325111
325112
325117
325121
325130
325131
325136
325138
325144
325145
325147
325160
325161
325166
325167
325169
325174
325231
325232
325233
325234
325235
325236
325237
325238
325241
325243
325244
325245
325246
325247
325249
325250
325251
325252
325254
325255
325257
325259
325260
325261
325262
325263
325264
325265
325266
325267
325268
325269
325270
325272
325273
325274
325275
325276
325277
325278
325279
325283
325285
325286
325287
325288
325289
325290
325291
325292
325293
325296
325297
325298
325299
325300
325301
325302
325303
325304
325305
325306
325307
325308
325309
325310
325311
325312
325313
325314
325315
325316
325319
325320
325321
325322
325323
325324
325325
325326
325327
325328
325329
325330
325331
325332
325333
325334
325335
325336
325337
325339
325341
325342
325344
325345
325346
325347
325348
325350
325351
325352
325353
325355
325356
325357
325358
325359
325360
325361
325362
325363
325364
325365
325366
325368
325369
325370
325371
325372
325373
325374
325377
325378
325379
325381
325382
325383
325384
325385
325386
325387
325388
325389
325390
325391
325392
325393
325394
325395
325396
325397
325398
325399
325400
325401
325402
325403
325404
325405
325407
325408
325409
325410
325411
325412
325413
325414
325415
325416
325417
325418
325419
325420
325421
325422
325423
325424
325425
325426
325427
325428
325429
325430
325431
325432
325433
325434
325435
325436
325437
325438
325439
325440
325441
325442
325445
325446
325447
325448
325449
325450
325451
325452
325453
325454
325455
325456
325457
325458
325459
325460
325461
325462
325463
325464
325465
325466
325467
325468
325469
325470
325471
325472
325473
325474
325475
325476
325477
325478
325479
325480
325481
325482
325483
325485
325486
325487
325488
325489
325490
325491
325492
325493
325494
325495
325496
325497
325498
325499
325500
325501
325502
325503
325504
325505
325507
325508
325509
325510
325511
325512
325514
325515
325516
325517
325518
325520
325521
325522
325523
325524
325526
325527
325528
325561
325582
325601
325602
325603
325621
325622
325623
325624
325625
325626
325627
325628
325629
325631
325632
325633
325634
325635
325636
325637
325638
325639
325640
325641
325642
325643
325644
325645
325646
325647
325648
325649
325650
325651
325652
325653
325654
325655
325656
325657
325658
325660
325662
325665
325666
325667
325668
325669
325670
325671
325672
325691
325692
325693
325694
325695
325696
325698
325699
325700
325701
325702
325703
325704
325705
325706
325707
325710
325711
325712
325713
325714
325715
325716
325717
325718
325719
325720
325721
325722
325723
325724
325725
325741
325743
325745
325746
325747
325748
325749
325750
325751
325752
325753
325755
325756
325757
325758
325762
325763
325764
325766
325767
325768
325769
325770
325771
325772
325773
325774
325776
325777
325778
325779
325780
325781
325782
325783
325784
325785
325786
325787
325788
325789
325790
325791
325792
325793
325794
325795
325798
325799
325801
325803
325805
325806
325807
325808
325809
325810
325811
325812
325813
325814
325815
325816
325818
325819
325820
325821
325822
325823
325824
325851
325852
325853
325854
325855
325856
325858
325859
325862
325863
325864
325868
325871
325872
325875
325876
325877
325878
325880
325882
325884
325885
325886
325888
325889
325890
325891
325892
325893
325895
325897
325899
325900
325901
325902
325903
325904
325905
325908
325909
325910
325911
325912
325913
325914
325915
325916
325917
325918
325919
325920
325921
325923
325924
325925
325926
325927
325931
325932
325933
325934
325935
325936
325937
325938
325940
325941
325972
325973
325975
325976
325977
325978
325980
325981
325982
325983
325984
325986
325987
325988
325989
325991
325992
325994
325995
325996
325997
325998
325999
326000
326001
326002
326003
326004
326005
326007
326008
326010
326011
326013
326014
326015
326018
326021
326022
326023
326024
326025
326026
326051
326052
326053
326054
326055
326056
326057
326058
326059
326071
326074
326075
326076
326079
326081
326083
326084
326088
326091
326094
326095
326096
326097
326098
326100
326103
326109
326110
326114
326115
326117
326124
326130
326131
326133
326134
326136
326137
326138
326141
326148
326153
326154
326155
326156
326158
326160
326161
326162
326164
326165
326166
326211
326212
326213
326214
326217
326218
326219
326220
326221
326222
326224
326225
326226
326227
326228
326241
326242
326243
326244
326246
326261
326262
326263
326264
326265
326266
326267
326268
326269
326270
326271
326272
326273
326292
326293
326294
326297
326298
326300
326301
326302
326303
326305
326306
326307
326308
326310
326312
326313
326316
326331
326332
326333
326334
326335
326336
326337
326338
326339
326340
326341
326342
326343
326344
326345
326346
326347
326348
326349
326361
326362
326365
326381
326384
326386
326387
326388
326414
326415
326416
326419
326421
326423
326424
326425
326426
326430
326431
326432
326435
326437
326440
326441
326445
326446
326447
326448
326450
326451
326455
326457
326459
326461
326467
326468
326469
326471
326472
326473
326476
326477
326478
326479
326480
326481
326482
326483
326484
326485
326486
326487
326488
326493
326495
326497
326498
326503
326504
326505
326510
326512
326513
326515
326516
326520
326521
326526
326530
326531
326532
326533
326536
326537
326538
326540
326543
326545
326547
326548
326591
326592
326593
326599
326604
326605
326656
326657
326671
326672
326673
326674
326675
326678
326679
326680
326681
326683
326684
326686
326688
326689
326690
326691
326692
326693
326694
326695
326696
326697
326698
326699
326700
326701
326702
326703
326704
326706
326707
326708
326709
326710
326712
326713
326717
326718
326719
326721
326722
326723
326724
326725
326726
326728
326732
326733
326734
326735
326736
326738
326739
326741
326743
326745
326746
326747
326748
326749
326750
326751
326752
326755
326756
326757
326758
326759
326760
326761
326762
326764
326765
326766
326767
326769
326770
326771
326774
326776
326777
326778
326779
326780
326781
326782
326783
326784
326788
326790
326795
326796
326798
326801
326803
326804
326806
326807
326810
326811
326812
326813
326814
326815
326816
326821
326823
326824
326825
326826
326827
326830
326831
326832
326833
326834
326835
326836
326837
326838
326840
326841
326842
326843
326844
326845
326848
326849
326850
326851
326852
326853
326855
326856
326858
326859
326861
326862
326864
326865
326866
326867
326868
326869
326870
326871
326872
326875
326876
326877
326878
326880
326881
326882
326883
326884
326886
326887
326888
326889
326890
326891
326892
326893
326894
326895
326896
326897
326898
326899
326900
326901
326902
326903
326906
327001
327002
327003
327004
327005
327006
327007
327008
327009
327010
327011
327012
327013
327014
327015
327016
327017
327018
327019
327020
327021
327022
327023
327024
327025
327026
327027
327028
327029
327030
327031
327032
327033
327034
327035
327036
327037
327038
327039
327040
327041
327042
327043
327044
327045
327046
327047
327048
327049
327050
327051
327052
327053
327054
327055
327056
327057
327058
327059
327060
327061
327062
327063
327064
327065
327066
327067
327068
327069
327070
327071
327072
327073
327074
327075
327076
327077
327078
327079
327080
327081
327082
327083
327084
327085
327086
327087
327088
327089
327090
327091
327092
327093
327094
327095
327096
327097
327098
327099
327100
327101
327102
327103
327104
327105
327106
327107
327108
327109
327110
327111
327112
327113
327114
327115
327116
327117
327118
327119
327120
327121
327122
327123
327124
327125
327126
327127
327128
327129
327130
327131
327132
327133
327134
327135
327136
327137
327138
327139
327140
327141
327142
327143
327144
327145
327146
327147
327148
327149
327150
327151
327152
327153
327154
327155
327156
327157
327158
327159
327160
327161
327162
327163
327164
327165
327166
327167
327168
327169
327170
327171
327172
327173
327174
327175
327176
327177
327178
327179
327180
327181
327182
327183
327184
327185
327186
327187
327188
327189
327190
327191
327192
327193
327194
327195
327196
327197
327198
327199
327200
327201
327202
327203
327204
327205
327206
327207
327208
327209
327210
327211
327212
327213
327214
327215
327216
327217
327218
327219
327220
327221
327222
327223
327224
327225
327226
327227
327228
327229
327230
327231
327232
327233
327235
327236
327237
327238
327239
327240
327241
327242
327243
327244
327245
327246
327247
327248
327249
327250
327251
327252
327253
327254
327255
327256
327257
327258
327259
327260
327261
327262
327263
327264
327265
327266
327267
327268
327269
327270
327271
327272
327273
327274
327275
327276
327277
327278
327279
327280
327281
327282
327283
327284
327285
327286
327287
327288
327289
327290
327291
327292
327293
327294
327295
327296
327297
327298
327299
327300
327301
327302
327303
327304
327331
327332
327333
327335
327336
327338
327339
327340
327342
327343
327344
327346
327347
327348
327349
327350
327351
327352
327353
327354
327355
327356
327357
327358
327359
327360
327361
327362
327363
327364
327365
327366
327367
327368
327369
327370
327371
327391
327392
327393
327395
327396
327397
327398
327399
327400
327401
327402
327403
327404
327405
327407
327408
327410
327411
327412
327413
327414
327415
327416
327417
327418
327419
327420
327432
327433
327435
327436
327439
327441
327444
327445
327448
327450
327452
327453
327454
327455
327457
327458
327462
327463
327464
327468
327471
327473
327475
327479
327480
327483
327490
327495
327497
327498
327499
327501
327502
327504
327506
327509
327511
327512
327521
327522
327524
327525
327531
327532
327534
327535
327536
327537
327538
327540
327543
327545
327549
327551
327552
327553
327558
327559
327562
327565
327566
327567
327569
327582
327585
327586
327652
327671
327672
327673
327676
327691
327693
327712
327713
327714
327715
327716
327717
327718
327720
327721
327722
327723
327724
327725
327726
327727
327729
327730
327731
327733
327735
327737
327738
327739
327740
327741
327742
327743
327745
327746
327747
327749
327750
327751
327752
327753
327755
327756
327758
327761
327762
327763
327764
327765
327767
327768
327769
327770
327772
327773
327774
327776
327822
327825
327827
327830
327836
327837
327839
327844
327845
327848
327850
327858
327859
327861
327862
327863
327864
327865
327866
327867
327870
327872
327873
327875
327876
327877
327932
327951
327952
327953
327954
327955
327956
327957
327958
327959
327960
327961
327962
327963
327964
327965
327966
327968
327969
327970
327971
327972
327973
327974
327975
327976
327977
327978
327979
327980
327981
327982
327983
327984
327985
327986
327987
327988
327991
327992
327993
327994
327995
327996
327997
327998
327999
328000
328001
328002
328003
328004
328005
328007
328008
328009
328010
328011
328012
328013
328015
328016
328017
328018
328019
328020
328021
328022
328023
328024
328025
328026
328028
328029
328030
328031
328032
328033
328034
328035
328036
328037
328038
328039
328040
328041
328042
328043
328044
328045
328046
328047
328048
328049
328050
328051
328052
328053
328054
328055
328056
328057
328058
328059
328060
328061
328062
328063
328064
328065
328066
328067
328068
328069
328070
328071
328072
328074
328075
328076
328077
328078
328079
328080
328081
328101
328103
328104
328105
328108
328109
328110
328113
328115
328116
328118
328119
328120
328121
328122
328123
328124
328126
328129
328130
328131
328132
328133
328134
328136
328137
328139
328144
328145
328149
328150
328151
328152
328157
328158
328160
328161
328162
328163
328165
328166
328167
328169
328170
328173
328174
328175
328177
328178
328182
328186
328187
328188
328189
328191
328192
328193
328194
328198
328199
328201
328202
328203
328205
328207
328208
328210
328211
328212
328213
328218
328219
328222
328223
328225
328226
328230
328232
328234
328235
328237
328240
328241
328243
328244
328249
328250
328253
328261
328265
328266
328275
328276
328277
328278
328279
328283
328284
328285
328289
328290
328292
328301
328302
328303
328307
328309
328310
328314
328323
328324
328325
328327
328329
328332
328333
328334
328335
328336
328338
328346
328347
328350
328351
328353
328354
328355
328356
328357
328358
328359
328365
328367
328370
328371
328373
328375
328376
328377
328379
328382
328384
328385
328388
328391
328396
328398
328512
328513
328514
328515
328517
328518
328519
328520
328521
328523
328524
328525
328536
328537
328540
328546
328549
328551
328553
328554
328555
328556
328560
328561
328562
328563
328564
328569
328573
328575
328576
328577
328578
328582
328583
328586
328588
328589
328590
328594
328595
328599
328600
328605
328606
328608
328613
328616
328618
328619
328622
328624
328626
328631
328632
328639
328640
328645
328647
328648
328649
328650
328652
328654
328656
328659
328662
328664
328666
328669
328672
328673
328674
328675
328678
328683
328685
328686
328692
328694
328696
328700
328704
328708
328712
328715
328720
328721
328874
328878
328911
328912
328913
328914
328915
328916
328917
328918
328919
328921
328922
328923
328924
328925
328926
328927
328928
328929
328930
328931
328932
328933
328934
328935
328936
328937
328938
328961
328962
328963
328964
328965
328968
328969
328970
328971
328972
328974
328975
328976
328977
328978
328980
328982
328983
328985
328986
328988
328991
328992
329032
329033
329034
329035
329037
329039
329040
329041
329042
329043
329044
329045
329046
329047
329048
329049
329050
329051
329052
329053
329054
329055
329056
329057
329060
329061
329063
329064
329065
329066
329067
329068
329069
329070
329071
329091
329092
329093
329094
329095
329096
329097
329098
329099
329101
329106
329107
329110
329131
329132
329135
329136
329138
329161
329162
329163
329164
329165
329166
329167
329168
329169
329170
329171
329172
329176
329178
329179
329182
329183
329184
329185
329186
329187
329188
329189
329231
329232
329233
329234
329235
329251
329252
329253
329254
329255
329257
329258
329259
329260
329261
329281
329285
329286
329298
329301
329341
329342
329343
329344
329345
329346
329347
329349
329350
329352
329353
329354
329355
329356
329357
329358
329359
329360
329361
329362
329363
329364
329365
329366
329367
329368
329369
329370
329394
329395
329396
329411
329412
329414
329415
329416
329417
329418
329419
329420
329421
329423
329424
329426
329427
329428
329429
329452
329456
329464
329488
329489
329531
329532
329533
329553
329554
329555
329556
329558
329559
329560
329561
329563
329564
329565
329566
329569
329570
329573
329612
329616
329617
329619
329624
329625
329631
329632
329633
329634
329636
329637
329638
329639
329640
329642
329671
329691
329692
329694
329695
329699
329704
329705
329706
329709
329714
329715
329716
329717
329718
329724
329728
329730
329731
329732
329733
329734
329735
329737
329738
329739
329743
329746
329748
329749
329751
329753
329755
329756
329760
329821
329823
329829
329830
329833
329835
329837
329840
329843
329853
329911
329912
329913
329916
329917
329922
329925
329926
329932
329939
329944
329947
329948
329961
329965
329969
329970
329977
329978
329979
329980
329984
329987
329991
329996
329998
330002
330003
330004
330006
330007
330008
330011
330013
330014
330016
330018
330019
330020
330021
330022
330122
330123
330124
330125
330126
330127
330129
330151
330152
330153
330154
330156
330157
330158
330159
330160
330161
330162
330163
330164
330166
330167
330168
330169
330170
330173
330174
330175
330176
330177
330178
330179
330180
330181
330182
330183
330184
330185
330188
330189
330190
330191
330192
330194
330195
330196
330199
330200
330202
330203
330204
330205
330207
330208
330209
330210
330211
330212
330213
330214
330215
330216
330217
330218
330219
330220
330221
330222
330223
330224
330225
330226
330227
330228
330229
330230
330231
330232
330233
330234
330235
330236
330238
330239
330261
330262
330263
330264
330265
330266
330267
330268
330270
330271
330272
330273
330274
330275
330276
330277
330278
330279
330280
330281
330282
330283
330284
330285
330286
330287
330288
330289
330290
330291
330292
330293
330294
330296
330297
330298
330299
330300
330303
330304
330305
330306
330307
330308
330309
330310
330331
330332
330333
330334
330335
330336
330337
330338
330339
330340
330341
330343
330344
330345
330346
330348
330350
330353
330354
330355
330356
330357
330359
330360
330362
330363
330364
330365
330366
330368
330370
330371
330373
330374
330375
330376
330377
330379
330380
330382
330383
330387
330388
330389
330390
330391
330392
330393
330394
330395
330396
330397
330398
330399
330400
330401
330402
330403
330404
330405
330406
330407
330410
330411
330412
330414
330415
330416
330417
330420
330421
330422
330424
330425
330426
330427
330428
330462
330463
330464
330465
330467
330469
330471
330473
330474
330475
330476
330477
330479
330480
330481
330482
330484
330485
330488
330489
330491
330492
330493
330494
330495
330496
330497
330498
330499
330500
330501
330503
330504
330505
330506
330507
330508
330509
330510
330511
330512
330513
330514
330515
330516
330517
330518
330519
330520
330521
330522
330523
330524
330525
330526
330528
330529
330530
330531
330532
330533
330534
330536
330537
330538
330539
330540
330541
330543
330544
330545
330546
330547
330548
330549
330550
330551
330552
330554
330555
330556
330557
330558
330559
330560
330561
330562
330563
330564
330565
330566
330567
330569
330570
330571
330574
330575
330576
330577
330578
330579
330580
330581
330582
330583
330584
330586
330587
330590
330591
330598
330643
330644
330645
330646
330648
330653
330656
330659
330665
330670
330673
330674
330675
330677
330679
330690
330698
330701
330702
330706
330713
330771
330772
330773
330776
330791
330792
330793
330794
330795
330796
330797
330798
330799
330800
330801
330802
330803
330804
330805
330806
330807
330808
330809
330810
330811
330812
330813
330814
330815
330816
330817
330818
330819
330820
330821
330822
330823
330824
330825
330826
330841
330842
330843
330844
330845
330847
330848
330850
330851
330852
330854
330856
330857
330858
330859
330860
330861
330862
330863
330864
330865
330866
330867
330869
330871
330872
330873
330874
330875
330876
330877
330878
330879
330883
330884
330885
330886
330887
330890
330892
330894
330895
330896
330899
330900
330902
330906
330908
330910
330911
330918
330920
330921
330925
330926
330929
330930
330931
330933
330934
330937
330939
330940
330941
330942
330943
330944
330949
330951
330952
330954
330955
330957
330958
330959
330960
330961
330963
330964
330966
330967
330968
330970
330971
330972
330974
330975
330976
330977
330978
330979
330980
330981
330982
330983
330984
330985
330986
330987
330988
330989
330990
330991
330992
330993
330994
330995
330996
330997
330998
330999
331000
331001
331002
331003
331004
331005
331006
331007
331008
331009
331010
331011
331012
331013
331014
331015
331016
331017
331018
331019
331020
331021
331022
331023
331024
331025
331026
331027
331028
331029
331030
331031
331032
331034
331037
331038
331039
331040
331042
331043
331044
331045
331046
331047
331048
331049
331050
331051
331052
331053
331054
331055
331056
331057
331058
331060
331061
331062
331065
331066
331131
331133
331135
331138
331141
331142
331143
331144
331145
331146
331147
331148
331149
331152
331154
331155
331156
331157
331159
331160
331161
331162
331163
331164
331165
331166
331167
331168
331169
331170
331191
331192
331193
331197
331202
331203
331216
331221
331223
331224
331235
331237
331239
331241
331243
331252
331255
331256
331260
331261
331266
331267
331268
331270
331279
331281
331288
331297
331302
331303
331304
331308
331309
331312
331315
331319
331340
331341
331343
331352
331353
331354
331359
331360
331361
331362
331366
331367
331379
331381
331383
331384
331386
331387
331389
331390
331391
331392
331393
331394
331396
331397
331399
331401
331405
331406
331407
331411
331414
331416
331417
331418
331420
331422
331423
331424
331425
331430
331433
331434
331435
331436
331443
331446
331447
331453
331454
331458
331459
331461
331462
331466
331467
331476
331478
331480
331481
331482
331485
331486
331487
331488
331489
331493
331495
331498
331501
331503
331504
331506
331507
331508
331510
331511
331681
331684
331685
331687
331690
331692
331699
331701
331749
331757
331758
331789
331790
331794
331795
331815
331831
331834
331844
331848
331853
331858
331860
331861
331931
331932
331933
331934
331952
331954
331960
331961
331962
331965
331967
331968
331969
331971
331972
331977
331978
331982
331984
331985
331986
331988
331989
332071
332072
332073
332074
332075
332076
332077
332078
332080
332081
332082
332083
332084
332086
332087
332122
332123
332124
332125
332126
332127
332129
332130
332131
332133
332134
332135
332136
332137
332138
332139
332140
332141
332142
332143
332145
332146
332147
332148
332149
332150
332151
332153
332154
332155
332156
332157
332158
332160
332161
332162
332163
332164
332165
332166
332191
332192
332194
332195
332197
332198
332199
332201
332202
332203
332204
332205
332206
332208
332209
332212
332213
332231
332234
332236
332237
332240
332243
332244
332248
332252
332257
332259
332260
332261
332262
332263
332264
332270
332271
332276
332277
332279
332280
332283
332285
332288
332292
332293
332298
332299
332303
332304
332305
332307
332308
332311
332313
332314
332321
332322
332329
332391
332392
332393
332394
332395
332396
332397
332398
332399
332400
332401
332402
332404
332405
332406
332407
332408
332409
332410
332411
332412
332413
332415
332416
332417
332418
332419
332421
332422
332423
332424
332455
332456
332457
332458
332459
332461
332463
332464
332465
332466
332467
332468
332469
332470
332471
332472
332475
332476
332480
332481
332482
332485
332490
332491
332493
332497
332500
332501
332503
332504
332507
332510
332511
332513
332516
332521
332522
332523
332525
332533
332534
332536
332537
332538
332542
332544
332545
332549
332551
332554
332555
332560
332561
332562
332563
332571
332574
332575
332576
332581
332583
332597
332662
332663
332664
332665
332666
332668
332669
332671
332672
332673
332674
332675
332676
332678
332679
332682
332683
332684
332685
332687
332688
332689
332690
332691
332692
332693
332694
332695
332696
332697
332698
332700
332701
332703
332704
332706
332708
332710
332712
332713
332714
332717
332718
332719
332720
332722
332723
332724
332725
332726
332727
332728
332729
332730
332731
332732
332733
332735
332736
332737
332738
332739
332740
332741
332742
332744
332746
332747
332748
332749
332750
332751
332752
332753
332754
332755
332756
332757
332758
332759
332762
332763
332764
332765
332766
332768
332801
332802
332803
332804
332805
332822
332823
332824
332825
332826
332827
332828
332829
332830
332831
332832
332837
332838
332839
332840
332842
332861
332862
332863
332864
332865
332866
332867
332868
332869
332870
332881
332882
332883
332884
332885
332886
332887
332888
332889
332890
332891
332892
332893
332894
332895
332896
332897
332911
332912
332914
332915
332916
332917
332918
332919
332920
332921
332922
332923
332924
332941
332943
332944
332945
332947
332948
332952
332955
332956
332957
332962
332963
332964
332972
332973
333031
333032
333033
333036
333037
333039
333040
333041
333044
333045
333046
333047
333049
333050
333051
333053
333055
333056
333057
333101
333102
333104
333105
333106
333121
333123
333124
333125
333127
333129
333130
333131
333132
333133
333134
333135
333136
333137
333138
333139
333140
333161
333162
333163
333164
333185
333187
334002
334003
334004
334008
334010
334172
334173
334404
334406
334407
334408
334409
334526
334527
334534
334536
334537
334642
334643
334645
334782
334783
334784
334790
335341
335344
335345
335347
335350
335353
335354
335444
336002
336623
336624
336625
336721
336724
336729
336732
336871
336932
336972
337205
337211
337212
337217
337802
337803
337884
337886
337890
337893
338001
338005
338011
338024
338025
338131
338291
338292
338461
338541
338982
338984
338986
339102
339105
339110
339111
339112
339116
339681
339682
339684
339833
339835
339904
339909
339913
339914
339917
339918
339919
339920
339921
339922
339923
339924
339925
339926
339927
339928
339931
339932
339933
339934
339940
339942
339945
340542
341171
341172
341241
341242
341244
341245
341246
341247
341248
341249
341250
341253
341312
341313
341391
341392
341393
341394
341981
342031
342044
342402
342403
342404
342406
342407
342408
342483
342485
342602
342603
342692
342771
343002
343005
343006
343007
343121
343223
343601
343685
343751
344681
344682
344683
344684
344686
344687
344771
344932
344933
346001
346081
346291
346292
346371
346372
346801
346803
346872
346874
346951
346952
346954
346958
347052
347112
347181
347183
347184
347301
347901
348301
348303
348304
348307
348308
348309
348310
348311
348312
348501
348503
348505
348506
348507
348512
348781
348782
348893
348894
348900
349501
349502
349504
349506
349507
349508
349509
349510
349512
349513
349514
349516
349517
349518
349519
349520
349593
349598
349671
349672
349673
349675
349677
349751
351002
351015
351016
353001
353005
353007
353008
353013
353603
353607
353609
353610
353618
353625
353626
353628
353629
353630
353631
353632
353633
353634
353635
353636
353642
353643
353781
353786
353789
353795
353800
353802
353901
353906
353913
353920
353921
353923
353928
353931
353942
353949
353952
354073
354074
354080
354084
354085
354086
354088
354089
354091
354092
354095
354096
354097
354099
354101
354102
354105
354107
354109
354110
354111
354116
354119
354125
354127
354131
354211
354251
354252
354254
354256
354259
354263
354268
354270
354277
354343
354422
354428
354429
354430
354431
354433
354438
354439
354443
354444
354451
354456
354457
354462
354589
354593
354603
354604
354605
354609
354611
354613
354618
354620
354625
354627
354628
354629
354631
354638
354640
354641
354643
354644
354645
354647
354653
354657
354660
354661
354664
354668
354670
354676
354677
354802
354841
354925
354932
354937
354938
354941
354943
354945
354949
354953
354957
354965
355122
355123
355124
355907
356002
356201
356701
356761
356803
356871
356919
356921
356922
356930
356931
356932
356933
357071
357601
357602
357603
357604
357605
358102
358104
358107
358108
358281
358282
358283
358285
358286
358290
358292
358293
358294
358296
358297
358302
358307
358308
358309
358313
358314
358320
358321
358322
358324
358328
358329
358330
358331
358337
358338
358339
358340
358341
358344
358345
358347
358561
358562
358563
358564
358565
358566
358567
358568
358570
358578
358579
358811
359001
359002
359102
359103
359104
359105
359106
359107
359110
359112
359113
359116
359117
359123
359124
359126
359232
359381
359431
359482
359531
359532
359533
360201
360206
360207
360208
360209
360210
360212
360213
360214
360215
360217
360220
360221
360222
360225
360226
360228
360230
360231
360234
360402
360403
360407
360414
360415
360416
360417
360605
360613
360615
360616
360801
360862
360864
360868
360873
360875
360879
360880
360881
360882
360883
360884
360888
360889
360890
360891
360892
360894
360895
360898
360905
361095
361096
361151
361152
361201
361701
361702
361703
361704
361705
361706
361708
361712
361714
361801
361802
361805
361807
361809
361811
361814
361815
361816
361817
361821
361822
362008
362011
362013
362015
362016
362018
362025
362037
362038
362040
362042
362043
362044
362182
362189
362191
362192
362198
362199
362200
362203
362204
362207
362209
362217
362223
362224
362227
362228
362229
362361
362364
362441
362445
362449
362450
362521
362631
362632
362633
362691
362742
362793
362805
362806
362807
362808
362809
362810
362814
362815
362817
363001
363141
363221
363222
363312
363314
363315
363318
363319
364401
364403
364404
364406
364409
364410
364413
364416
364422
364425
364429
364431
364432
364435
364437
364442
364444
364450
364452
364456
364464
364681
364682
364684
364771
364773
364774
364776
364778
364780
364781
364783
364784
364785
364786
364787
364788
364789
364790
364792
364794
364795
364796
364797
364799
364801
364802
364803
364804
364805
364806
364810
364814
364815
364816
364817
364818
364820
364821
364822
364964
364965
364966
365052
365053
365055
365121
365123
365291
365461
365464
365801
365802
365803
365812
365925
365928
365929
365934
365937
365938
365941
365944
365947
365949
365950
366102
366104
366105
366107
366108
366109
366112
366120
366124
366129
366132
366137
366138
366142
366144
366145
366146
366147
366149
366152
366154
366166
366169
366283
366285
366429
366432
366435
367601
367603
367605
367691
367771
367772
367773
367833
367835
367839
367841
367842
367850
368106
368602
368752
368812
368813
368814
368816
368871
368922
369406
369552
369554
369555
369559
369564
369565
369566
369567
369568
369570
369571
369576
369722
369724
369725
369821
369822
369823
369982
369985
370041
370102
370103
370104
370108
370109
370431
370555
370557
370558
370562
370563
370564
370567
370568
370570
370571
370572
370574
370575
370577
370578
370579
370581
370582
370831
370835
370836
370841
370844
370845
370846
370847
370848
370849
370851
370852
370853
370854
370855
370857
370858
370860
370863
370865
370866
370869
370872
370876
370877
370882
370883
370886
371061
371062
371063
371064
371065
371066
371067
371228
371229
371232
371233
371234
371341
371342
371343
371344
371521
371522
371523
371524
371525
371561
371562
371631
371661
371663
371664
371667
371670
371671
371672
371676
371680
371683
371685
371687
371688
371689
371692
371771
371821
373503
373504
373509
373510
373513
373514
373515
373516
373518
373519
373523
373526
373531
373681
373682
373841
373842
373843
373844
373894
373895
373896
373897
373898
373900
373901
373902
373903
373904
373905
373906
373907
373908
373910
373912
373919
373924
373925
373926
373929
373934
374021
374121
374173
374174
374177
374181
374184
374186
374190
374191
374192
374193
374195
374197
374198
374199
374200
374201
374206
374209
374211
374213
374302
374303
374304
374305
374306
374307
374308
374309
374313
374314
374315
374381
374421
374422
375001
375002
375081
375091
375092
375093
375094
375095
375100
375103
375104
375105
375107
375108
375109
375110
375111
375112
375116
375118
375119
375123
375124
375125
375129
375130
375131
375132
375135
375136
375141
375142
375143
375145
375150
375151
375301
375308
375310
375313
375316
375323
375336
375601
375602
375603
375604
375651
375652
375691
375731
375771
375812
375891
375893
375894
375895
375972
376031
376032
376033
376111
376165
376167
376169
376211
376253
377002
377003
377004
377005
377014
377016
377019
377026
377030
377037
377042
377043
377044
377046
377047
377048
377049
377050
377051
377181
377185
377188
377262
377263
377265
377267
377268
377269
377271
377272
377274
377278
377279
377282
377283
377284
377461
377462
377573
377574
377676
377678
377732
377733
377739
377743
377744
377747
377882
377883
377884
377889
377890
377892
377893
377894
377895
377896
377897
377900
377901
377903
377904
377905
377906
377907
378091
378251
378605
378616
378624
378626
378632
378633
378634
378636
378637
378638
378639
378641
378642
378763
378764
378813
378904
379521
379571
379661
379662
379663
379664
379666
379672
379961
380401
380403
380405
380406
380407
380408
380409
380410
380412
380413
380417
380418
380504
380505
380507
380510
380511
380512
380513
380611
380612
380614
380615
380731
380732
380851
380852
380854
380855
380857
382001
382002
382011
382021
382221
382222
382224
382284
382301
382302
382611
383001
383011
383012
383013
383021
383101
383104
383105
383106
383107
383108
383201
383291
383292
383295
383296
383401
383402
383403
383413
383422
383423
383462
383481
383482
383483
383485
383486
383488
383490
383601
383611
383613
383614
383615
383616
383617
383619
383621
383651
383662
383672
383673
383675
383676
383677
383678
383679
383680
383681
383871
384202
384203
384204
384205
384206
384221
384223
384225
384226
384227
384242
384243
384244
384245
384247
384248
384249
384252
384271
384281
384291
384295
384296
384297
384299
384300
384301
384302
384303
384401
384421
384471
384472
384613
384617
384621
384661
384675
384676
384677
384812
384871
385071
385401
386202
386203
386204
386206
386207
386208
386209
386210
386231
386232
386233
386234
386235
386236
386237
386238
386239
386240
386241
386261
386262
386301
386302
386332
386333
386334
386335
386336
386337
386338
386339
386340
386341
386342
386343
386344
386345
386347
386348
386349
386350
386352
386353
386354
386355
386356
386357
386358
386360
386701
386702
386703
386722
386723
386802
386803
386804
387101
387102
387103
387104
387106
387108
387109
387131
387132
387135
387151
387156
387191
387201
387211
387212
387213
387214
387215
387216
387217
387218
387219
387220
387222
387224
387225
387226
387227
387228
387230
387231
387401
387402
387403
387404
387406
387421
387422
387423
387424
387426
387443
387444
387445
387501
387502
387503
387504
387505
387506
387507
387508
387509
387510
387511
387512
387513
387514
387515
387516
387518
387519
387521
387702
387703
387704
387707
387708
387710
387711
387712
387713
387732
387737
387738
387739
387761
387763
387801
387841
387842
387843
387844
387845
387846
387847
387849
387850
387851
387853
387855
387856
387858
387859
387861
388101
388102
388103
388105
388106
388108
388109
388110
388111
388113
388114
388115
388116
388152
388155
388156
388157
388158
388161
388162
388202
388203
388204
388205
388206
388291
388311
388312
388313
388315
388316
388317
388319
388320
388321
388322
388323
388324
388325
388326
388329
388330
388331
388335
388337
388338
388339
388502
388541
388542
388582
388601
388602
388791
388901
388902
388904
388905
388908
388910
388911
388913
388917
388918
388920
388921
388941
388943
388944
388946
388947
388949
388951
388961
388962
388963
388965
388966
388967
388968
388969
388970
388971
388972
388973
388975
388976
389041
389044
389061
389064
389066
389070
389071
389074
389075
389077
389078
389079
389080
389081
389082
389083
389086
389089
389090
389092
389093
389094
389095
389096
389097
389098
389099
389301
389303
389305
389306
389307
389308
389322
389324
389325
389329
389330
389341
389342
389343
389345
389391
389411
389412
389413
389414
389415
389417
389419
389420
389421
389422
389425
389427
389428
389430
389603
389613
389614
389631
389633
389651
389703
389705
389706
389708
389709
389710
389711
389712
389713
389901
389902
389903
389904
389905
389906
389907
389908
389909
389910
389911
389921
389923
389982
389993
390221
390273
390511
390512
390571
390572
390575
390721
390761
390771
390781
390782
390783
