800001
800002
800003
800004
800011
800012
800015
800016
800022
800023
800025
800027
800028
800031
800035
800036
800038
800040
800042
800043
800044
800049
800051
800055
800058
800059
800065
800067
800071
800085
800130
800132
800133
800135
800136
800137
800142
800145
800153
800159
800161
800166
800172
800175
800180
800187
800195
800197
800200
800209
800220
800234
800236
800237
800240
800249
800250
800251
800255
800260
800262
800274
800277
800282
800283
800284
800285
800287
800289
800290
800294
800296
800305
800307
800315
800318
800324
800325
800331
800332
800336
800346
800351
800356
800357
800358
800359
800365
800366
800367
800369
800371
800372
800374
800375
800377
800378
800388
800392
800393
800405
800406
800409
800416
800423
800430
800435
800440
800442
800521
800522
800524
800526
800527
800528
800529
800541
800542
800543
800551
800552
800553
800554
800555
800557
800558
800559
800560
800561
800562
800563
800564
800565
800566
800567
800570
800571
800572
800601
800602
800603
800604
800605
800606
800607
800609
800610
800611
800612
800613
800614
800615
800616
800621
800622
800623
800624
800625
800626
800627
800628
800630
800631
800634
800635
800636
800637
800639
800640
800642
800643
800644
800646
800647
800648
800652
800653
800654
800656
800660
800661
800662
800663
800664
800665
800667
800668
800669
800672
800673
800674
800675
800677
800678
800680
800682
800683
800687
800689
800690
800692
800694
800697
800698
800699
800700
800701
800702
800703
800704
800706
800707
800708
800709
800710
800711
800715
800716
800717
800718
800721
800722
800723
800724
800726
800730
800731
800733
800735
800736
800737
800739
800740
800742
800743
800745
800746
800748
800753
800794
800795
800798
800800
800803
800804
800806
800810
800813
800815
800816
800821
800822
800829
800831
800832
800833
800834
800835
800836
800837
800841
800844
800845
800846
800847
800848
800849
800850
800851
800852
800853
800854
800855
800856
800857
800858
800859
800863
800864
800865
800867
800868
800872
800875
800877
800878
800879
800880
800882
800890
800891
800892
800893
800894
800896
800897
800898
800899
800901
800903
800904
800905
800913
800915
800916
800919
800920
800921
800922
800923
800927
800928
800930
800931
800934
800935
800936
800937
800938
800939
800940
800941
800942
800944
800945
800946
800948
800949
800950
800951
800952
800953
800957
800958
800960
800961
800962
800964
800966
800968
800973
800974
800975
800977
801021
801023
801024
801025
801026
801027
801028
801029
801030
801032
801033
801034
801041
801042
801046
801047
801048
801051
801052
801053
801055
801056
801060
801061
801062
801066
801067
801068
801069
801071
801072
801073
801079
801082
801085
801087
801088
801090
801092
801093
801098
801099
801100
801101
801104
801106
801108
801109
801110
801111
801113
801115
801116
801119
801120
801124
801125
801126
801127
801128
801132
801133
801137
801138
801139
801140
801141
801142
801143
801144
801145
801146
801147
801149
801150
801151
801153
801154
801157
801158
801159
801160
801161
801162
801163
801165
801166
801168
801169
801170
801171
801172
801174
801176
801177
801178
801179
801181
801182
801183
801184
801185
801186
801188
801189
801190
801191
801193
801194
801195
801198
801201
801203
801206
801219
801225
801226
801227
801230
801271
801272
801281
801282
801283
801287
801288
801292
801293
801295
801296
801297
801298
801299
801301
801304
801310
801311
801312
801313
801314
801316
801325
801327
801334
801335
801336
801341
801344
801350
801351
801352
801355
801361
801362
801363
801365
801366
801367
801369
801370
801371
801373
801378
801379
801380
801382
801386
801388
801389
801390
801391
801394
801396
801398
801400
801402
801403
801405
801406
801407
801409
801410
801411
801412
801413
801414
801417
801418
801419
801420
801421
801422
801424
801425
801430
801434
801436
801437
801438
801444
801451
801551
801554
801555
801556
801557
801558
801559
801561
801562
801563
801568
801571
801572
801576
801580
801581
801582
801584
801586
801588
801589
801590
801595
801597
801598
801602
801603
801604
801607
801608
801612
801613
801617
801619
801620
801621
801622
801623
801624
801627
801691
801692
801693
801694
801695
801696
801697
801698
801699
801700
801701
801702
801703
801704
801705
801706
801707
801708
801709
801710
801711
801712
801713
801714
801715
801716
801717
801718
801719
801720
801721
801722
801723
801724
801742
801745
801751
801758
801788
801791
801816
801818
801821
801822
801823
801825
801827
801830
801832
801861
801862
801871
801872
801873
801891
801892
801893
801894
801895
801896
801897
801911
801913
801914
801915
801916
801917
801919
801920
801921
801922
801924
801925
801926
801927
801928
801941
801942
801944
801945
801946
801947
801948
801949
801950
801951
801952
801953
801954
801955
801956
801957
801958
801959
801962
801963
801965
801966
801967
801969
801970
802009
802041
802043
802048
802050
802057
802060
802082
802086
802090
802099
802102
802104
802110
802113
802272
802273
802275
802276
802278
802289
802291
802294
802299
802302
802321
802334
802335
802336
802337
802340
802341
802343
802347
802353
802380
802382
802385
802388
802389
802391
802392
802402
802403
802406
802409
802411
802413
802416
802417
802419
802420
802424
802426
802428
802430
802432
802433
802437
802438
802440
802441
802442
802443
802444
802445
802447
802448
802449
802451
802452
802453
802455
802458
802459
802460
802471
802481
802486
802581
802582
802583
802585
802586
802587
802588
802590
802591
802601
802602
802603
802604
802605
802611
802613
802614
802615
802616
802617
802620
802621
802622
802623
802625
802626
802627
802628
802629
802630
802631
802632
802633
802635
802636
802651
802652
802653
802654
802655
802656
802657
802658
802659
802660
802661
802662
802663
802664
802665
802666
802671
802678
802679
802680
802682
802686
802695
802711
802712
802713
802714
802715
802716
802717
802718
802719
802720
802721
802722
802723
802724
802725
802726
802727
802728
802729
802730
802731
802732
802733
802734
802735
802736
802737
802738
802739
802740
802741
802742
802743
802744
802745
802746
802748
802749
802750
802751
802752
802753
802754
802755
802757
802758
802759
802760
802762
802763
802764
802765
802766
802767
802768
802769
802771
802772
802773
802774
802775
802776
802777
802778
802779
802780
802781
802782
802783
802784
802785
802786
802787
802788
802789
802790
802791
802792
802793
802794
802795
802796
802797
802798
802799
802800
802801
802802
802803
802804
802805
802806
802807
802808
802809
802810
802811
802812
802814
802815
802816
802817
802818
802819
802820
802821
802822
802823
802824
802825
802826
802827
802828
802829
802830
802831
802832
802833
802834
802835
802836
802837
802838
802839
802841
802842
802843
802844
802845
802846
802847
802848
802849
802850
802851
802852
802853
802854
802856
802857
802858
802859
802860
802861
802862
802863
802864
802865
802866
802867
802868
802869
802870
802871
802872
802873
802875
802876
802877
802878
802879
802880
802882
802883
802886
802887
802888
802889
802890
802891
802892
802893
802894
802895
802896
802898
802899
802900
802901
802902
802903
802904
802905
802906
802907
802908
802909
802911
802912
802913
802914
802915
802916
802918
802919
802920
802921
802922
802923
802924
802926
802927
802928
802929
802930
802931
802932
802933
802934
802935
802936
802937
802938
802939
802940
802941
802944
802945
802946
802947
802948
802949
802950
802951
802952
802953
802954
802955
802956
802957
802958
802959
802960
802961
802962
802963
802964
802965
802966
802967
802968
802969
802970
802971
802972
802973
802975
802976
802977
802978
802979
802981
802983
802984
802985
802986
802987
802988
802990
802992
802993
802994
802995
802997
803000
803001
803002
803003
803004
803005
803006
803007
803008
803009
803010
803011
803012
803013
803014
803015
803016
803017
803018
803019
803020
803021
803022
803023
803025
803026
803027
803028
803029
803030
803032
803033
803034
803035
803038
803039
803040
803041
803042
803043
803044
803045
803046
803047
803048
803049
803050
803051
803052
803053
803054
803055
803056
803057
803058
803059
803060
803061
803062
803064
803065
803066
803067
803068
803069
803070
803071
803072
803073
803074
803075
803076
803077
803078
803079
803080
803081
803082
803083
803084
803085
803086
803087
803088
803089
803090
803091
803092
803093
803094
803097
803098
803099
803101
803102
803103
803104
803138
803142
803145
803147
803152
803153
803156
803175
803195
803197
803199
803261
803267
803269
803273
803276
803277
803278
803280
803283
803285
803290
803291
803293
803294
803296
803301
803304
803310
803316
803329
803331
803344
803347
803348
803353
803354
803355
803363
803364
803371
803462
803463
803464
803465
803466
803467
803468
803469
803470
803472
803473
803474
803475
803476
803477
803481
803482
803484
803485
803486
803487
803488
803489
803491
803492
803493
803494
803495
803496
803497
803498
803499
803500
803501
803502
803503
803504
803505
803506
803507
803508
803509
803510
803511
803513
803514
803515
803516
803517
803518
803519
803520
803521
803522
803523
803524
803525
803527
803528
803529
803530
803531
803532
803533
803534
803536
803538
803539
803540
803541
803542
803543
803544
803545
803546
803547
803548
803550
803551
803552
803553
803554
803555
803556
803557
803558
803559
803560
803561
803562
803563
803564
803565
803566
803567
803568
803569
803570
803571
803572
803573
803574
803575
803576
803577
803578
803579
803580
803581
803582
803583
803584
803585
803586
803587
803588
803589
803590
803591
803592
803593
803594
803595
803596
803597
803599
803600
803602
803603
803604
803605
803606
803607
803608
803609
803610
803611
803612
803613
803614
803615
803616
803617
803619
803620
803621
803622
803623
803625
803626
803627
803628
803629
803630
803632
803633
803634
803635
803636
803637
803638
803641
803642
803645
803646
803648
803649
803651
803652
803653
803654
803655
803657
803659
803660
803661
803662
803664
803666
803667
803668
803669
803670
803671
803672
803673
803674
803675
803676
803678
803679
803680
803683
803684
803685
803686
803687
803688
803689
803690
803692
803694
803695
803696
803697
803698
803700
803701
803702
803704
803705
803707
803708
803710
803711
803712
803713
803714
803715
803716
803717
803718
803719
803720
803721
803722
803723
803724
803725
803726
803727
803728
803729
803730
803731
803732
803733
803734
803735
803736
803737
803740
803741
803742
803743
803744
803745
803747
803748
803749
803750
803751
803752
803753
803754
803755
803756
803757
803758
803759
803761
803763
803765
803767
803769
803771
803812
803815
803817
803818
803819
803820
803826
803828
803830
803831
803832
803833
803834
803835
803836
803837
803838
803839
803840
803841
803843
803844
803845
803848
803850
803851
803852
803855
803859
803860
803861
803863
803864
803865
803866
803867
803868
803871
803872
803874
803876
803877
803881
803888
803891
803893
803895
803922
803934
803943
803945
803946
803951
803962
803972
804001
804002
804003
804005
804006
804007
804008
804009
804010
804011
804017
804022
804026
804027
804028
804029
804030
804031
804033
804034
804035
804036
804037
804039
804042
804043
804045
804046
804048
804050
804052
804053
804057
804060
804061
804062
804063
804064
804065
804069
804070
804073
804074
804075
804076
804077
804078
804080
804081
804082
804083
804084
804085
804086
804087
804088
804089
804090
804092
804093
804094
804095
804096
804097
804099
804100
804102
804103
804104
804105
804106
804107
804108
804109
804110
804111
804112
804113
804114
804115
804116
804118
804120
804131
804132
804133
804134
804211
804212
804213
804214
804215
804216
804219
804221
804222
804223
804224
804225
804228
804229
804230
804231
804232
804235
804236
804237
804238
804239
804240
804241
804242
804243
804245
804246
804247
804248
804250
804252
804253
804254
804256
804257
804258
804260
804261
804264
804265
804266
804268
804270
804291
804301
804302
804303
804311
804312
804313
804314
804315
804316
804319
804321
804322
804333
804334
804335
804336
804337
804339
804342
804345
804353
804354
804356
804357
804358
804359
804360
804362
804363
804364
804365
804367
804368
804369
804370
804372
804373
804374
804375
804376
804377
804379
804380
804381
804384
804391
804392
804394
804395
804396
804397
804398
804400
804401
804414
804415
804416
804417
804418
804420
804421
804422
804423
804424
804426
804428
804429
804430
804433
804434
804435
804440
804441
804461
804462
804464
804465
804467
804468
804471
804472
804474
804476
804477
804478
804479
804480
804481
804482
804483
804484
804485
804486
804487
804488
804489
804490
804491
804492
804493
804494
804495
804496
804497
804498
804499
804500
804501
804502
804503
804504
804505
804506
804507
804508
804509
804510
804511
804512
804513
804514
804515
804516
804517
804518
804519
804520
804521
804522
804523
804524
804525
804526
804527
804528
804529
804530
804531
804532
804533
804534
804535
804536
804538
804539
804540
804541
804542
804543
804544
804545
804546
804547
804548
804549
804550
804551
804552
804553
804554
804555
804556
804557
804558
804559
804560
804561
804562
804563
804564
804565
804566
804567
804568
804569
804570
804571
804572
804573
804574
804575
804576
804577
804578
804579
804580
804584
804585
804586
804587
804588
804589
804590
804591
804592
804593
804594
804595
804596
804597
804598
804599
804600
804601
804602
804603
804604
804605
804606
804607
804608
804609
804610
804611
804612
804613
804614
804615
804616
804617
804618
804619
804620
804621
804622
804623
804624
804625
804626
804627
804628
804629
804630
804631
804632
804633
804634
804635
804636
804637
804638
804639
804640
804641
804642
804643
804644
804645
804646
804647
804648
804649
804650
804651
804652
804653
804654
804655
804656
804657
804658
804659
804660
804661
804662
804663
804664
804665
804666
804668
804669
804670
804671
804672
804673
804674
804675
804676
804677
804678
804679
804680
804681
804682
804683
804684
804685
804686
804688
804689
804690
804691
804692
804693
804694
804695
804696
804697
804698
804699
804700
804701
804702
804703
804704
804705
804706
804707
804708
804709
804710
804711
804712
804713
804714
804715
804716
804717
804718
804719
804720
804721
804722
804723
804724
804725
804727
804728
804729
804730
804732
804733
804734
804735
804737
804738
804739
804740
804741
804742
804743
804744
804745
804746
804747
804748
804749
804750
804751
804752
804753
804754
804755
804756
804757
804758
804759
804760
804761
804762
804763
804764
804765
804766
804767
804768
804769
804770
804771
804772
804773
804774
804775
804776
804777
804778
804779
804780
804781
804783
804784
804785
804786
804787
804788
804789
804790
804791
804792
804793
804794
804795
804796
804797
804798
804799
804800
804801
804802
804803
804804
804805
804806
804807
804808
804809
804810
804811
804812
804813
804814
804815
804816
804817
804818
804819
804820
804821
804822
804823
804824
804825
804826
804827
804828
804829
804830
804831
804832
804833
804834
804836
804837
804861
804862
804871
804873
804882
804886
804904
804915
804916
804917
804926
804927
804930
804931
804932
804935
804939
804943
804947
804948
804949
804959
804960
804961
804965
804967
804968
804979
804981
804982
804984
804985
804986
804993
804995
805007
805008
805101
805102
805104
805106
805111
805112
805113
805114
805115
805116
805120
805122
805126
805128
805130
805133
805134
805135
805136
805137
805138
805139
805141
805142
805143
805144
805145
805146
805149
805151
805152
805153
805154
805155
805156
805157
805158
805159
805160
805161
805162
805163
805165
805169
805170
805172
805177
805178
805179
805180
805182
805183
805185
805186
805187
805188
805191
805192
805194
805196
805198
805199
805200
805201
805202
805203
805204
805206
805209
805211
805213
805214
805215
805216
805217
805218
805219
805220
805221
805222
805223
805225
805226
805227
805229
805231
805232
805283
805286
805288
805289
805290
805291
805301
805304
805305
805306
805308
805309
805311
805312
805314
805315
805316
805318
805320
805324
805325
805326
805327
805328
805331
805333
805334
805335
805337
805338
805339
805340
805341
805342
805343
805344
805345
805348
805349
805350
805351
805352
805353
805354
805356
805357
805358
805359
805360
805361
805363
805364
805367
805368
805369
805370
805372
805373
805374
805375
805379
805380
805381
805382
805383
805385
805386
805388
805389
805390
805393
805395
805397
805398
805399
805400
805401
805402
805403
805404
805406
805407
805409
805410
805411
805412
805413
805415
805416
805419
805423
805424
805425
805426
805428
805429
805430
805431
805432
805433
805434
805435
805436
805437
805438
805439
805440
805441
805443
805444
805481
805482
805491
805501
805502
805503
805504
805505
805506
805507
805508
805509
805510
805511
805512
805513
805514
805515
805521
805522
805523
805524
805525
805526
805527
805528
805529
805530
805531
805532
805533
805534
805535
805536
805537
805538
805539
805551
805552
805553
805557
805558
805559
805560
805561
805562
805563
805564
805565
805566
805567
805568
805569
805570
805571
805572
805573
805574
805575
805576
805577
805578
805579
805580
805581
805582
805583
805584
805585
805586
805587
805588
805589
805601
805604
805605
805606
805607
805608
805609
805610
805614
805622
805623
805625
805626
805629
805630
805631
805632
805633
805634
805635
805636
805637
805638
805639
805640
805641
805642
805643
805644
805646
805661
805662
805664
805665
805667
805668
805669
805670
805671
805674
805675
805676
805678
805679
805680
805681
805683
805684
805685
805686
805687
805690
805691
805692
805693
805694
805695
805696
805697
805698
805701
805711
805712
805713
805714
805715
805716
805717
805718
805719
805731
805732
805733
805735
805736
805737
805738
805739
805740
805741
805742
805743
805746
805747
805748
805749
805750
805751
805761
805776
805779
805781
805783
805784
805788
805792
805796
805798
805799
805801
805802
805803
805804
805805
805807
805808
805809
805810
805811
805812
805813
805814
805815
805816
805818
805819
805820
805821
805822
805823
805825
805826
805827
805828
805829
805830
805831
805832
805833
805835
805836
805838
805839
805840
805841
805842
805843
805844
805847
805848
805849
805851
805852
805853
805854
805856
805858
805859
805860
805861
805862
805863
805864
805865
805866
805867
805868
805869
805870
805871
805872
805876
805877
805878
805879
805881
805882
805883
805884
805886
805887
805888
805890
805891
805892
805893
805895
805896
805898
805900
805902
805907
805908
805909
805911
805913
805914
805915
805916
805917
805918
805919
805920
805921
805922
805923
805924
805925
805926
805928
805929
805930
805932
805933
805934
805935
805936
805939
805940
805941
805942
805943
805945
805947
805948
805949
805950
805951
805952
805953
805954
805955
805956
805958
805959
805960
805961
805962
805963
805964
805965
805966
805967
805968
805969
805970
805971
805972
805973
805974
805975
805976
805977
805978
805979
805980
805981
805982
805983
805984
805985
805986
805987
805988
805989
805990
805991
805992
805993
805994
805996
805997
805998
806001
806002
806003
806004
806005
806006
806007
806009
806010
806011
806012
806013
806014
806015
806016
806017
806018
806019
806021
806022
806023
806025
806026
806027
806028
806029
806030
806031
806032
806033
806034
806035
806040
806041
806042
806043
806044
806046
806047
806049
806050
806052
806053
806056
806057
806058
806059
806061
806062
806063
806064
806065
806066
806067
806068
806069
806072
806074
806075
806076
806079
806080
806081
806082
806083
806084
806085
806086
806087
806088
806089
806090
806092
806093
806094
806095
806096
806097
806098
806099
806100
806101
806102
806104
806106
806108
806109
806110
806111
806117
806118
806119
806120
806121
806122
806123
806124
806125
806126
806127
806128
806129
806130
806132
806133
806134
806135
806136
806137
806138
806139
806140
806141
806142
806144
806145
806146
806147
806148
806149
806150
806151
806152
806153
806154
806155
806156
806157
806158
806159
806160
806161
806163
806165
806166
806168
806170
806171
806172
806174
806175
806176
806177
806178
806179
806180
806181
806186
806187
806188
806189
806191
806192
806193
806195
806196
806198
806199
806200
806201
806202
806203
806204
806205
806206
806207
806208
806210
806211
806212
806213
806214
806217
806218
806227
806272
806273
806274
806275
806276
806277
806278
806279
806280
806281
806282
806283
806286
806287
806288
806289
806291
806302
806303
806308
806316
806322
806328
806330
806334
806336
806338
806340
806346
806347
806348
806349
806354
806355
806361
806362
806363
806366
806367
806368
806371
806372
806377
806378
806381
806382
806385
806387
806388
806391
806393
806394
806396
806398
806399
806402
806404
806420
806421
806426
806428
806485
806486
806487
806491
806492
806493
806495
806496
806497
806498
806499
806500
806501
806502
806503
806504
806505
806506
806507
806508
806509
806510
806511
806512
806513
806514
806521
806528
806529
806531
806532
806534
806541
806547
806549
806554
806557
806582
806583
806586
806588
806590
806596
806602
806603
806611
806612
806614
806616
806628
806630
806632
806633
806636
806637
806638
806641
806642
806643
806646
806648
806649
806652
806653
806655
806659
806660
806666
806667
806669
806670
806671
806676
806677
806679
806680
806684
806685
806687
806688
806690
806691
806692
806693
806694
806695
806696
806700
806703
806704
806709
806711
806716
806718
806719
806723
806725
806727
806733
806734
806737
806738
806741
806834
806835
806836
806838
806839
806841
806842
806843
806844
806845
806847
806851
806853
806854
806856
806857
806858
806859
806860
806861
806862
806863
806867
806868
806869
806870
806871
806872
806873
806876
806883
806884
806886
806887
806888
806890
806893
806894
806900
806903
806904
806905
806908
806909
806910
806912
806913
806914
806916
806917
806919
806920
806921
806922
806923
806924
806925
806926
806927
806928
806931
806932
806933
806934
806935
806936
806937
806938
806942
806943
806944
806946
806950
806952
806953
806954
806957
806958
806959
806960
806963
806964
807033
807094
807097
807101
807102
807135
807169
807181
807192
807203
807312
807315
807317
807319
807320
807331
807340
807361
807362
807363
807365
807366
807370
807371
807372
807373
807374
807375
807376
807377
807378
807412
807413
807414
807417
807418
807419
807435
807436
807437
807438
807440
807441
807444
807445
807446
807449
807454
807460
807461
807465
807468
807473
807476
807481
807482
807484
807485
807486
807491
807494
807495
807496
807500
807504
807505
807509
807518
807531
807533
807539
807541
807543
807548
807552
807632
807641
807642
807643
807644
807645
807646
807651
807652
807653
807661
807663
807665
807667
807669
807670
807675
807676
807681
807682
807685
807686
807689
807690
807691
807694
807695
807696
807697
807701
807702
807704
807706
807707
807708
807721
807722
807723
807731
807732
807734
807735
807736
807737
807738
807739
807740
807741
807742
807743
807744
807745
807746
807747
807748
807750
807751
807752
807753
807754
807755
807756
807757
807758
807759
807760
807761
807762
807763
807764
807765
807766
807767
807768
807770
807771
807772
807773
807774
807775
807776
807778
807779
807780
807781
807783
807784
807785
807786
807787
807788
807789
807790
807791
807792
807793
807794
807795
807796
807797
807798
807799
807800
807801
807802
807804
807805
807806
807807
807808
807809
807810
807811
807812
807813
807814
807815
807816
807817
807818
807819
807820
807821
807822
807823
807824
807825
807826
807827
807828
807829
807830
807831
807833
807834
807835
807836
807837
807838
807839
807840
807841
807862
807864
807865
807881
807891
807892
807893
807895
807896
807897
807898
807899
807900
807902
807903
807904
807906
807907
807908
807909
807910
807911
807912
807913
807915
807916
807918
807920
807921
807922
807923
807924
807925
807926
807927
807928
807929
807930
807931
807932
807933
807934
807935
807936
807937
807938
807939
807940
807941
807942
807943
807944
807945
807946
807947
807948
807949
807951
807952
807954
807955
807956
807957
807958
807959
807960
807961
807962
807964
807966
807967
807968
807969
807970
807971
807973
807975
807976
807977
807978
807980
807982
807983
807984
807985
807986
807987
807988
807989
807990
807991
807992
807993
807994
807995
807996
807997
807998
808001
808002
808005
808006
808007
808008
808009
808012
808013
808015
808018
808020
808023
808029
808030
808033
808034
808035
808036
808037
808038
808039
808041
808042
808043
808044
808046
808047
808048
808131
808132
808133
808134
808135
808136
808138
808139
808140
808141
808142
808143
808144
808145
808146
808147
808148
808149
808150
808151
808153
808155
808156
808157
808158
808159
808160
808161
808162
808163
808164
808165
808166
808167
808169
808170
808171
808172
808173
808175
808176
808177
808178
808179
808180
808181
808182
808183
808184
808185
808186
808189
808190
808191
808192
808193
808194
808195
808196
808197
808199
808200
808201
808202
808203
808204
808205
808206
808208
808209
808210
808211
808212
808213
808214
808215
808216
808217
808218
808219
808220
808221
808222
808223
808224
808225
808226
808227
808228
808229
808230
808231
808232
808233
808234
808235
808236
808237
808238
808239
808240
808241
808242
808243
808244
808245
808246
808247
808248
808249
808250
808251
808252
808253
808254
808255
808256
808257
808258
808259
808260
808261
808262
808263
808264
808265
808267
808268
808269
808270
808271
808272
808273
808274
808275
808276
808278
808279
808280
808281
808282
808283
808284
808285
808286
808287
808288
808289
808290
808291
808292
808293
808294
808295
808296
808297
808298
808299
808300
808301
808302
808303
808304
808305
808306
808307
808308
808309
808310
808311
808312
808313
808314
808315
808316
808317
808318
808319
808320
808321
808322
808324
808325
808326
808327
808328
808329
808330
808331
808332
808333
808334
808337
808343
808411
808412
808421
808422
808423
808424
808425
808426
808431
808433
808441
808442
808444
808445
808446
808447
808448
808449
808450
808451
808452
808453
808454
808456
808457
808458
808460
808461
808462
808463
808465
808470
808472
808473
808476
808478
808488
808489
808490
808492
808523
808524
808527
808528
808529
808530
808531
808532
808533
808534
808536
808538
808539
808544
808545
808548
808549
808551
808552
808553
808554
808557
808558
808559
808560
808561
808562
808563
808564
808565
808566
808567
808568
808569
808570
808572
808575
808576
808577
808578
808579
808580
808582
808583
808584
808585
808586
808587
808588
808589
808590
808591
808592
808593
808598
808599
808600
808601
808603
808604
808606
808611
808612
808613
808614
808615
808617
808621
808622
808625
808626
808627
808628
808629
808630
808631
808632
808633
808635
808636
808637
808638
808639
808640
808643
808646
808647
808648
808654
808655
808659
808660
808661
808663
808664
808665
808666
808667
808668
808670
808674
808675
808678
808679
808680
808681
808682
808687
808688
808689
808691
808692
808693
808698
808699
808700
808703
808705
808707
808711
808713
808714
808718
808719
808723
808725
808735
808736
808739
808746
808747
808748
808749
808750
808751
808752
808754
808757
808758
808759
808761
808764
808765
808766
808767
808768
808770
808771
808773
808774
808775
808776
808778
808781
808782
808783
808784
808789
808790
808794
808795
808796
808797
808801
808802
808803
808804
808806
808809
808810
808811
808812
808813
808814
808815
808816
808817
808818
808820
808822
808823
808825
808827
808828
808829
808830
808831
808832
808833
808834
808835
808837
808838
808839
808840
808841
808842
808843
808845
808848
808849
808850
808851
808852
808853
808854
808855
808856
808858
808862
808864
808867
808868
808870
808871
808872
808873
808874
808875
808876
808877
808878
808879
808880
808882
808883
808884
808888
808889
808890
808891
808892
808893
808894
808895
808896
808897
808898
808900
808901
808902
808903
808904
808905
808906
808907
808909
808910
808912
808914
808916
808918
808921
808922
808924
808926
808927
808928
808929
808930
808931
808932
808933
808934
808938
808939
808941
808944
808945
808946
808948
808949
808950
808953
808954
808955
808960
808961
808962
808964
808965
808966
808972
808975
808976
808977
808983
808985
808986
808988
808989
808992
808998
809001
809003
809007
809009
809010
809013
809014
809023
809124
809133
809141
809142
809151
809153
809161
809171
809172
809173
809174
809175
809176
809177
809178
809179
809180
809181
809182
809183
809184
809185
809186
809187
809188
809189
809190
809191
809192
809193
809194
809195
809196
809197
809198
809199
809200
809201
809202
809203
809204
809205
809206
809207
809208
809209
809210
809211
809212
809213
809214
809215
809216
809217
809218
809219
809220
809221
809222
809223
809224
809225
809226
809227
809228
809229
809230
809231
809232
809233
809234
809235
809236
809237
809238
809239
809240
809241
809242
809243
809244
809245
809246
809247
809248
809249
809250
809251
809252
809253
809254
809255
809256
809257
809258
809259
809260
809261
809262
809263
809264
809265
809266
809267
809268
809271
809272
809273
809274
809275
809276
809277
809278
809306
809307
809321
809322
809323
809324
809325
809326
809327
809328
809331
809332
809333
809334
809335
809336
809337
809339
809340
809342
809343
809345
809346
809347
809348
809361
809362
809363
809371
809372
809373
809374
809376
809377
809379
809380
809381
809382
809385
809386
809392
809393
809395
809396
809398
809400
809404
809407
809408
809410
809411
809412
809414
809422
809423
809425
809426
809427
809429
809430
809431
809432
809433
809434
809439
809440
809441
809442
809443
809444
809445
809449
809451
809453
809455
809461
809462
809463
809464
809466
809468
809470
809471
809474
809476
809478
809479
809483
809486
809487
809581
809582
809583
809584
809585
809587
809588
809589
809590
809591
809592
809593
809594
809611
809622
809645
809648
809719
809725
809726
809731
809735
809746
809769
809789
809881
809892
809893
809895
809901
809902
809903
809904
809916
809917
809926
809930
809987
809988
809989
809990
809991
809993
809996
809998
810003
810004
810005
810006
810008
810009
810010
810011
810012
810013
810015
810016
810018
810019
810020
810021
810024
810025
810026
810027
810028
810029
810030
810032
810033
810034
810035
810036
810037
810038
810040
810043
810045
810046
810047
810049
810051
810052
810053
810054
810055
810056
810059
810060
810062
810117
810165
810168
810170
810171
810172
810178
810183
810186
810187
810195
810201
810202
810205
810206
810207
810210
810220
810222
810225
810226
810233
810235
810237
810238
810244
810248
810249
810255
810256
810257
810263
810266
810267
810272
810273
810275
810276
810278
810279
810283
810287
810290
810293
810411
810412
810413
810414
810415
810416
810417
810418
810419
810420
810421
810422
810423
810424
810425
810426
810427
810428
810429
810430
810432
810433
810434
810435
810436
810437
810438
810439
810440
810441
810442
810443
810444
810445
810446
810447
810448
810449
810450
810451
810452
810453
810454
810455
810456
810457
810458
810459
810460
810462
810463
810464
810465
810466
810467
810468
810469
810470
810471
810472
810473
810474
810475
810476
810477
810478
810479
810480
810481
810483
810485
810486
810487
810488
810489
810490
810491
810492
810493
810494
810495
810496
810497
810498
810499
810500
810501
810502
810503
810504
810505
810507
810508
810509
810510
810511
810512
810513
810514
810516
810517
810519
810520
810523
810527
810528
810531
810551
810556
810558
810560
810564
810565
810566
810567
810569
810570
810574
810575
810576
810578
810579
810580
810581
810582
810583
810586
810587
810589
810591
810592
810593
810594
810595
810596
810597
810598
810599
810600
810601
810603
810605
810606
810607
810608
810609
810612
810663
810665
810702
810704
810705
810706
810707
810711
810719
810720
810732
810771
810772
810773
810774
810775
810776
810777
810778
810779
810780
810781
810783
810784
810792
810824
810841
810846
810857
810932
810935
810963
810965
810968
810975
810979
810983
810984
810988
810989
810992
810998
811000
811006
811008
811009
811013
811023
811029
811035
811044
811045
811048
811051
811055
811060
811065
811077
811085
811223
811225
811229
811240
811321
811322
811323
811325
811326
811327
811329
811330
811332
811333
811334
811335
811336
811338
811340
811343
811344
811346
811348
811349
811350
811351
811354
811358
811361
811362
811363
811364
811367
811416
811418
811419
811423
811424
811425
811427
811429
811442
811443
811445
811446
811448
811449
811450
811461
811462
811463
811464
811467
811468
811469
811471
811473
811476
811478
811481
811483
811484
811485
811492
811494
811495
811496
811497
811500
811501
811502
811503
811506
811509
811512
811675
811682
811691
811692
811694
811695
811701
811703
811705
811707
811708
811710
811712
811713
811714
811715
811718
811719
811720
811721
811722
811724
811725
811726
811727
811731
811732
811734
811735
811736
811737
811738
811739
811740
811741
811743
811744
811745
811746
811747
811748
811749
811750
811752
811753
811754
811755
811756
811757
811758
811759
811760
811771
811773
811774
811775
811776
811777
811778
811779
811780
811781
811782
811783
811784
811785
811786
811787
811788
811789
811791
811814
811842
811844
811847
811852
811861
811862
811865
811868
811869
811873
811876
811877
811879
811881
811884
811885
811887
811888
811889
811890
811891
811893
811894
811896
811897
811898
811902
811904
811908
811909
811911
811920
811924
811925
811926
811930
811933
811935
811936
811937
811938
811945
811946
811948
811952
811961
811962
811969
811972
811974
811976
811977
811978
811979
811980
811994
812083
812091
812096
812098
812102
812114
812115
812127
812131
812134
812161
812171
812172
812173
812174
812175
812176
812177
812178
812179
812186
812221
812222
812242
812264
812267
812271
812273
812274
812275
812280
812281
812282
812283
812286
812288
812292
812293
812301
813002
813003
813039
813040
813042
813044
813046
813054
813055
813081
813082
813083
813091
813092
813093
813094
813101
813111
813112
813113
813121
813122
813123
813124
813125
813141
813151
813162
813165
813169
813170
813173
813176
813180
813182
813188
813189
813192
813193
813194
813197
813198
813200
813201
813202
813203
813207
813210
813211
813219
813223
813224
813225
813228
813229
813233
813239
813241
813243
813244
813245
813246
813247
813248
813249
813250
813253
813257
813258
813262
813266
813269
813270
813271
813272
813278
813281
813284
813285
813286
813288
813289
813290
813295
813296
813300
813302
813305
813313
813317
813318
813319
813322
813323
813324
813330
813331
813332
813333
813334
813335
813338
813341
813343
813350
813355
813356
813362
813366
813368
813369
813370
813371
813375
813376
813377
813379
813381
813389
813392
813471
813473
813474
813475
813476
813477
813478
813479
813485
813489
813490
813491
813493
813494
813495
813496
813497
813498
813499
813500
813502
813503
813504
813505
813506
813507
813508
813509
813510
813511
813512
813513
813514
813515
813516
813519
813520
813521
813522
813526
813527
813530
813531
813532
813533
813534
813535
813536
813537
813551
813555
813557
813558
813559
813560
813561
813562
813563
813564
813565
813566
813567
813568
813570
813571
813572
813573
813574
813575
813576
813577
813578
813579
813580
813581
813582
813583
813584
813585
813586
813587
813588
813589
813590
813591
813592
813593
813594
813595
813596
813597
813599
813601
813602
813603
813604
813605
813607
813608
813609
813610
813611
813612
813613
813615
813616
813617
813619
813620
813621
813623
813624
813626
813627
813628
813629
813631
813632
813634
813635
813636
813637
813640
813641
813642
813643
813644
813645
813646
813648
813649
813650
813652
813653
813655
813656
813657
813659
813665
813666
813667
813668
813669
813670
813671
813672
813674
813675
813676
813679
813681
813683
813684
813685
813686
813687
813689
813690
813691
813692
813693
813695
813696
813698
813699
813700
813701
813702
813703
813705
813707
813710
813711
813712
813713
813714
813715
813716
813717
813718
813719
813720
813721
813722
813724
813725
813726
813727
813729
813730
813731
813733
813734
813735
813736
813738
813740
813741
813743
813744
813745
813746
813747
813748
813750
813751
813752
813753
813754
813755
813756
813757
813761
813811
813813
813815
813817
813818
813821
813825
813826
813827
813830
813831
813834
813835
813836
813837
813841
813847
813850
813853
813855
813858
813861
813862
813863
813866
813876
813880
813881
813891
813892
813898
813899
813903
813904
813908
813916
813923
813924
813930
813934
813937
813939
813951
813954
814064
814066
814069
814075
814077
814078
814089
814093
814100
814101
814105
814113
814115
814116
814120
814125
814130
814137
814139
814142
814143
814144
814151
814160
814174
814176
814182
814188
814189
814190
814192
814193
814194
814198
814199
814204
814207
814212
814213
814228
814311
814313
814314
814315
814325
814326
814327
814329
814331
814332
814335
814336
814341
814342
814344
814345
814346
814347
814348
814350
814353
814354
814355
814357
814360
814364
814365
814372
814374
814377
814378
814379
814382
814383
814385
814387
814388
814389
814390
814391
814392
814393
814394
814395
814397
814398
814399
814400
814402
814403
814404
814408
814410
814411
814413
814419
814421
814423
814425
814426
814428
814429
814431
814432
814434
814436
814437
814439
814441
814444
814445
814446
814450
814451
814452
814456
814460
814461
814467
814468
814469
814473
814476
814482
814483
814484
814485
814488
814491
814493
814494
814495
814499
814500
814501
814502
814503
814505
814511
814513
814514
814516
814517
814520
814521
814522
814523
814526
814532
814534
814535
814536
814538
814540
814541
814542
814543
814549
814550
814552
814553
814554
814555
814559
814562
814566
814567
814568
814569
814571
814572
814573
814578
814579
814581
814582
814583
814584
814588
814590
814594
814596
814597
814598
814599
814600
814606
814607
814619
814620
814626
814631
814701
814706
814711
814712
814722
814728
814731
814732
814733
814735
814737
814740
814742
814747
814753
814754
814755
814756
814757
814758
814769
814801
814802
814811
814812
814813
814814
814815
814817
814818
814819
814820
814821
814822
814823
814824
814825
814826
814827
814828
814829
814830
814831
814832
814833
814834
814835
814836
814837
814838
814839
814840
814841
814842
814843
814844
814851
814865
814884
814886
814887
814901
814911
814912
814913
814914
814921
814922
814923
814924
814925
814927
814931
814932
814933
814934
814935
814936
814938
814939
814940
814941
814942
814951
814952
814953
814954
814955
814956
814958
814959
814960
814961
814962
814963
814964
814965
814966
814967
814968
814969
814970
814971
814974
814975
814991
814993
814996
814999
815010
815017
815019
815020
815026
815241
815242
815243
815251
815252
815253
815254
815256
815257
815258
815259
815260
815261
815262
815263
815264
815265
815266
815267
815268
815269
815270
815271
815272
815273
815274
815275
815277
815278
815279
815281
815282
815283
815284
815286
815291
815294
815295
815296
815297
815302
815303
815305
815307
815308
815313
815314
815318
815319
815320
815327
815330
815334
815335
815336
815337
815340
815341
815343
815344
815346
815347
815352
815359
815360
815361
815362
815364
815365
815366
815367
815370
815371
815372
815373
815379
815381
815387
815388
815416
815418
815419
815422
815427
815431
815438
815439
815444
815445
815446
815449
815451
815452
815457
815461
815465
815476
815477
815480
815483
815489
815491
815492
815495
815506
815514
815515
815522
815527
815561
815562
815563
815566
815567
815568
815571
815573
815574
815575
815576
815578
815580
815581
815582
815587
815588
815590
815592
815594
815596
815598
815599
815601
815605
815606
815610
815613
815620
815622
815630
815631
815632
815633
815640
815642
815643
815647
815648
815649
815650
815652
815653
815656
815657
815659
815664
815672
815674
815675
815676
815682
815686
815687
815691
815692
815695
815696
815700
815702
815706
815707
815711
815712
815713
815716
815718
815721
815723
815725
815726
815728
815730
815731
815733
815734
815735
815737
815739
815744
815745
815747
815748
815752
815753
815754
815755
815757
815758
815760
815763
815764
815765
815766
815769
815770
815771
815775
815777
815778
815780
815781
815785
815786
815787
815788
815789
815790
815791
815792
815794
815795
815796
815799
815803
815807
815817
815822
815827
815861
815862
815863
815864
815865
815866
815867
815868
815869
815870
815871
815872
815873
815874
815875
815876
815877
815878
815879
815880
815881
815882
815883
815884
815885
815886
815887
815888
815889
815890
815892
815901
815902
815903
815904
815905
815907
815908
815910
815911
815912
815914
815915
815916
815917
815918
815919
815920
815921
815922
815923
815924
815925
815926
815927
815928
815929
815931
815932
815933
815934
815935
815936
815937
815938
815939
815940
815941
815942
815943
815944
815945
815946
815947
815948
815949
815950
815951
815952
815953
815954
815955
815956
815957
815958
815959
815960
815961
815962
815963
815964
815965
815966
815967
815968
815969
815970
815973
815974
815975
815976
815977
815978
815979
815980
815981
815982
815983
815984
815985
815986
815987
815988
815989
815990
815991
815992
815993
815994
815995
815996
815997
815998
815999
816001
816002
816003
816004
816005
816006
816007
816008
816009
816010
816012
816013
816015
816021
816022
816023
816024
816025
816026
816027
816028
816029
816030
816031
816032
816033
816034
816035
816036
816037
816038
816039
816040
816041
816042
816043
816044
816051
816071
816073
816074
816075
816076
816077
816079
816080
816081
816082
816084
816085
816086
816087
816088
816092
816093
816094
816095
816096
816098
816099
816100
816101
816102
816103
816104
816105
816107
816109
816110
816112
816113
816114
816116
816117
816118
816119
816120
816122
816123
816124
816125
816126
816127
816128
816129
816130
816131
816133
816134
816135
816136
816137
816138
816139
816141
816147
816148
816149
816150
816151
816152
816153
816155
816156
816157
816158
816159
816161
816162
816163
816164
816165
816166
816167
816168
816169
816171
816172
816173
816175
816176
816178
816179
816181
816182
816183
816186
816187
816188
816189
816193
816195
816196
816197
816199
816200
816204
816205
816206
816208
816209
816210
816211
816213
816214
816215
816216
816217
816218
816219
816220
816221
816222
816223
816225
816226
816227
816228
816230
816231
816233
816234
816236
816239
816240
816242
816243
816245
816246
816247
816248
816249
816250
816252
816254
816255
816256
816257
816259
816260
816261
816263
816266
816267
816271
816301
816312
816314
816316
816318
816319
816321
816322
816327
816332
816333
816338
816345
816346
816353
816354
816362
816367
816368
816401
816404
816409
816410
816411
816417
816423
816426
816428
816429
816435
816440
816448
816454
816462
816463
816468
816470
816471
816472
816473
816474
816480
816485
816488
816494
816496
816509
816512
816514
816518
816525
816601
816603
816604
816606
816607
816608
816609
816610
816611
816612
816613
816614
816615
816616
816617
816618
816619
816621
816622
816623
816624
816625
816626
816627
816628
816629
816630
816631
816632
816635
816636
816637
816638
816639
816641
816642
816643
816645
816646
816647
816650
816651
816652
816653
816654
816655
816656
816657
816658
816659
816660
816661
816662
816663
816664
816665
816666
816667
816669
816670
816671
816672
816673
816674
816675
816676
816678
816679
816680
816681
816682
816683
816684
816685
816686
816687
816688
816689
816690
816691
816692
816693
816694
816695
816696
816697
816698
816699
816701
816702
816703
816704
816705
816706
816707
816709
816710
816711
816712
816713
816714
816715
816716
816717
816718
816719
816721
816722
816723
816724
816725
816727
816728
816729
816730
816731
816732
816733
816734
816735
816736
816737
816738
816739
816740
816741
816742
816743
816744
816745
816746
816747
816748
816749
816750
816751
816752
816754
816756
816757
816758
816759
816760
816761
816764
816765
816766
816767
816768
816769
816770
816771
816772
816773
816774
816775
816776
816777
816778
816779
816780
816781
816782
816783
816784
816785
816786
816787
816788
816789
816790
816791
816792
816793
816794
816795
816796
816798
816800
816801
816802
816803
816804
816807
816809
816810
816811
816812
816813
816814
816815
816816
816817
816818
816819
816821
816822
816823
816824
816825
816827
816829
816830
816831
816832
816833
816835
816837
816838
816839
816840
816841
816842
816861
816872
816873
816874
816875
816878
816879
816881
816892
816893
816895
816896
816897
816898
816902
816903
816904
816905
816906
816907
816908
816909
816921
816923
816924
816927
816928
816930
816931
816932
816941
816942
816943
816944
816945
816951
816952
816953
816954
816961
816962
816963
816964
816965
816966
816967
816968
816969
816970
816971
816972
816973
816974
816975
816976
816977
816978
816979
816980
816981
816982
816983
816984
816985
816986
816987
816988
816989
816990
816991
816992
816993
816994
816995
816996
816997
816998
816999
817000
817001
817002
817003
817004
817005
817006
817007
817008
817009
817010
817011
817012
817013
817014
817015
817016
817017
817018
817019
817020
817021
817022
817023
817024
817025
817026
817027
817028
817029
817030
817031
817032
817033
817034
817035
817036
817037
817038
817039
817040
817041
817042
817043
817044
817045
817046
817047
817048
817049
817050
817051
817052
817053
817054
817055
817056
817057
817058
817059
817060
817061
817062
817063
817064
817065
817066
817067
817068
817069
817070
817071
817072
817073
817074
817075
817076
817077
817078
817079
817080
817081
817082
817083
817084
817085
817086
817087
817088
817089
817090
817091
817092
817093
817094
817095
817096
817097
817098
817099
817100
817101
817102
817103
817104
817105
817106
817107
817108
817109
817110
817111
817112
817113
817114
817115
817116
817117
817118
817119
817120
817121
817122
817123
817124
817125
817126
817127
817128
817129
817130
817131
817132
817133
817134
817135
817136
817137
817138
817139
817140
817141
817142
817143
817144
817145
817146
817147
817148
817149
817150
817151
817152
817153
817154
817155
817156
817157
817158
817159
817160
817161
817162
817163
817164
817165
817166
817167
817168
817169
817170
817171
817172
817173
817174
817175
817176
817177
817178
817179
817180
817181
817182
817183
817184
817185
817186
817187
817188
817189
817190
817191
817192
817193
817194
817195
817196
817197
817198
817199
817200
817201
817202
817203
817204
817205
817206
817207
817208
817209
817210
817211
817212
817214
817215
817216
817217
817218
817219
817220
817221
817222
817223
817224
817225
817226
817228
817229
817230
817231
817232
817233
817234
817235
817236
817237
817238
817239
817240
817241
817243
817261
817271
817272
817273
817277
817282
817284
817288
817294
817296
817298
817304
817309
817312
817334
817344
817345
817347
817349
817352
817355
817360
817362
817364
817367
817369
817379
817380
817384
817388
817396
817397
817398
817401
817427
817462
817464
817465
817471
817481
817482
817483
817485
817487
817489
817490
817491
817492
817493
817494
817495
817496
817498
817499
817500
817502
817503
817505
817507
817508
817509
817511
817512
817514
817515
817516
817517
817518
817519
817520
817522
817523
817524
817527
817528
817529
817530
817533
817534
817535
817536
817537
817538
817539
817540
817541
817542
817543
817545
817546
817547
817548
817549
817550
817551
817552
817555
817556
817557
817558
817559
817561
817562
817563
817564
817572
817576
817580
817581
817590
817591
817594
817602
817604
817607
817619
817671
817674
817677
817681
817682
817683
817684
817685
817686
817691
817692
817693
817694
817695
817696
817697
817698
817699
817700
817701
817702
817703
817704
817705
817711
817712
817713
817714
817715
817716
817717
817721
817722
817723
817724
817725
817726
817727
817728
817729
817730
817731
817732
817733
817734
817735
817736
817737
817738
817741
817742
817751
817752
817753
817754
817755
817756
817757
817758
817759
817760
817761
817762
817763
817764
817765
817766
817767
817768
817771
817772
817774
817775
817776
817777
817778
817781
817791
817792
817794
817795
817796
817797
817798
817799
817800
817801
817802
817803
817804
817805
817806
817807
817811
817812
817813
817816
817817
817818
817819
817821
817822
817823
817824
817825
817826
817827
817828
817829
817830
817831
817832
817833
817840
817842
817845
817846
817848
817849
817851
817852
817853
817854
817859
817861
817868
817870
817871
817872
817873
817874
817875
817876
817878
817879
817880
817881
817882
817884
817887
817888
817889
817890
817891
817899
817900
817902
817912
817915
817916
817917
817926
817927
817928
817930
817933
817934
817935
817936
817939
817940
817942
817943
817953
817954
817956
817964
817965
817966
817967
817969
817977
817979
817980
817987
817988
817992
818009
818010
818083
818086
818087
818088
818089
818091
818097
818117
818118
818120
818123
818128
818132
818133
818135
818142
818156
818161
818167
818177
818184
818190
818193
818194
818195
818205
818207
818208
818210
818215
818232
818271
818274
818276
818279
818280
818281
818283
818285
818288
818290
818292
818297
818298
818300
818301
818302
818303
818304
818305
818307
818308
818312
818313
818321
818326
818363
818364
818365
818372
818375
818379
818382
818383
818387
818388
818411
818412
818413
818421
818422
818423
818431
818432
818433
818435
818436
818437
818438
818439
818440
818441
818442
818443
818444
818445
818451
818452
818453
818454
818455
818456
818457
818458
818459
818460
818461
818462
818463
818465
818466
818467
818468
818469
818470
818471
818472
818473
818474
818475
818476
818477
818478
818479
818480
818482
818483
818484
818485
818486
818487
818488
818489
818490
818491
818492
818493
818494
818495
818496
818497
818498
818499
818500
818501
818502
818503
818504
818505
818506
818507
818508
818510
818511
818512
818513
818514
818515
818516
818517
818518
818519
818520
818521
818522
818523
818524
818525
818526
818527
818528
818529
818530
818531
818532
818533
818534
818535
818551
818552
818561
818567
818568
818569
818581
818582
818583
818584
818585
818586
818587
818588
818595
818601
818602
818606
818631
818632
818661
818662
818663
818664
818665
818666
818667
818668
818669
818670
818671
818672
818675
818676
818677
818678
818711
818712
818713
818723
818724
818725
818726
818728
818729
818730
818734
818735
818736
818737
818738
818739
818741
818751
818752
818753
818754
818755
818757
818758
818761
818762
818763
818764
818765
818766
818767
818768
818769
818770
818771
818772
818773
818774
818775
818776
818777
818778
818779
818780
818781
818782
818783
818784
818785
818786
818787
818788
818789
818790
818791
818792
818793
818794
818795
818796
818797
818798
818799
818800
818801
818802
818803
818804
818805
818806
818807
818808
818809
818810
818811
818812
818822
818831
818832
818841
818842
818843
818844
818845
818846
818847
818848
818849
818850
818851
818852
818853
818854
818855
818857
818858
818859
818860
818862
818863
818864
818865
818866
818867
818868
818870
818871
818872
818873
818874
818875
818876
818877
818878
818879
818880
818881
818882
818883
818884
818885
818887
818888
818889
818890
818892
818893
818894
818895
818896
818897
818898
818899
818900
818911
818912
818914
818916
818917
818918
818919
818920
818921
818922
818923
818924
818925
818926
818927
818928
818929
818930
818931
818935
818936
818937
818938
818939
818941
818943
818944
818945
818946
818947
818948
818949
818950
818951
818952
818953
818954
818955
818956
818957
818958
818959
818960
818961
818962
818963
818964
818965
818966
818967
818968
818969
818970
818971
818972
818973
818974
818975
818976
818977
818978
818980
818981
818982
818983
818984
818985
818986
818988
818990
818991
818992
818993
818994
818995
818996
818997
818998
819001
819002
819003
819004
819005
819006
819007
819008
819009
819010
819021
819022
819023
819024
819025
819031
819042
819043
819044
819045
819046
819047
819048
819049
819050
819053
819054
819055
819056
819057
819058
819059
819060
819061
819062
819064
819065
819067
819068
819069
819072
819074
819075
819076
819077
819079
819080
819081
819082
819083
819085
819087
819089
819112
819114
819116
819119
819123
819127
819131
819133
819135
819141
819142
819150
819153
819156
819157
819160
819164
819165
819167
819171
819172
819175
819184
819185
819186
819196
819198
819210
819219
819222
819223
819224
819225
819226
819227
819228
819229
819230
819231
819232
819233
819236
819237
819238
819240
819242
819244
819246
819247
819248
819249
819252
819253
819254
819256
819258
819260
819263
819266
819267
819268
819270
819271
819272
819273
819276
819277
819282
819286
819291
819293
819294
819299
819300
819311
819312
819313
819314
819316
819381
819385
819386
819388
819391
819393
819394
819395
819397
819398
819402
819403
819404
819405
819406
819408
819409
819410
819411
819416
819417
819418
819420
819422
819423
819425
819426
819427
819430
819432
819433
819434
819435
819437
819438
819439
819440
819441
819444
819445
819446
819447
819448
819449
819450
819451
819452
819453
819454
819455
819456
819457
819458
819459
819460
819461
819463
819464
819470
819471
819472
819473
819475
819476
819477
819479
819483
819485
819486
819487
819490
819493
819494
819499
819500
819501
819502
819508
819512
819513
819514
819515
819516
819517
819519
819520
819521
819522
819523
819525
819526
819527
819528
819529
819530
819531
819532
819534
819535
819536
819537
819538
819539
819541
819542
819543
819544
819545
819546
819548
819550
819554
819555
819556
819557
819558
819559
819560
819564
819565
819566
819567
819569
819570
819572
819573
819574
819575
819576
819577
819578
819579
819582
819583
819584
819585
819587
819588
819589
819590
819592
819593
819594
819595
819596
819597
819598
819599
819600
819601
819602
819603
819604
819605
819606
819607
819608
819609
819610
819611
819612
819613
819614
819616
819617
819618
819619
819620
819621
819623
819624
819625
819626
819627
819628
819629
819630
819631
819632
819633
819634
819637
819639
819640
819641
819642
819643
819644
819645
819646
819647
819648
819649
819651
819652
819653
819654
819655
819656
819661
819662
819663
819664
819665
819666
819668
819669
819670
819671
819672
819673
819674
819675
819676
819678
819679
819684
819713
819731
819732
819734
819735
819736
819737
819738
819741
819742
819743
819744
819745
819746
819747
819748
819749
819750
819751
819752
819753
819754
819755
819756
819757
819758
819759
819760
819761
819762
819763
819765
819766
819767
819768
819769
819770
819771
819772
819773
819774
819775
819776
819777
819778
819779
819780
819782
819783
819784
819785
819786
819787
819788
819789
819790
819791
819792
819793
819794
819795
819796
819797
819798
819799
819800
819802
819803
819804
819805
819806
819807
819808
819811
819812
819813
819814
819815
819816
819817
819818
819819
819820
819821
819822
819823
819824
819825
819826
819828
819829
819830
819834
819835
819836
819837
819838
819841
819854
819855
819859
819862
819866
819891
819911
819912
819913
819914
819915
819916
819917
819918
819919
819920
819922
819923
819924
819925
819926
819927
819928
819929
819930
819931
819932
819933
819934
819935
819936
819937
819938
819939
819940
819941
819942
819943
819944
819945
819946
819947
819948
819949
819950
819951
819952
819953
819954
819955
819956
819957
819958
819959
819960
819961
819962
819963
819964
819965
819966
819967
819968
819969
819970
819971
819972
819973
819974
819975
819976
819991
819992
819993
819994
819995
819996
819997
820001
820002
820003
820013
820015
820016
820017
820018
820022
820023
820026
820030
820031
820035
820036
820037
820038
820039
820040
820041
820042
820043
820045
820066
820070
820072
820073
820074
820076
820078
820081
820086
820095
820098
820099
820100
820101
820105
820111
820112
820114
820115
820116
820118
820125
820127
820130
820133
820185
820187
820189
820191
820194
820195
820211
820212
820213
820214
820215
820216
820217
820218
820219
820220
820221
820222
820223
820224
820227
820228
820230
820231
820232
820233
820234
820235
820236
820237
820238
820239
820240
820241
820243
820244
820247
820248
820249
820250
820251
820252
820253
820254
820255
820256
820257
820258
820259
820260
820261
820262
820263
820264
820265
820266
820267
820268
820269
820271
820272
820273
820275
820276
820279
820280
820281
820282
820283
820284
820285
820286
820288
820289
820290
820291
820292
820293
820294
820295
820296
820297
820299
820300
820301
820302
820303
820304
820305
820308
820309
820310
820311
820313
820314
820315
820316
820317
820318
820321
820322
820323
820325
820326
820327
820329
820332
820333
820334
820335
820336
820337
820338
820339
820341
820342
820343
820344
820345
820346
820347
820348
820349
820351
820352
820353
820355
820358
820359
820360
820361
820362
820363
820364
820367
820368
820369
820374
820375
820411
820421
820422
820423
820424
820426
820427
820428
820429
820430
820431
820441
820442
820443
820444
820445
820462
820465
820471
820481
820482
820483
820484
820491
820492
820502
820521
820526
820529
820535
820537
820538
820539
820542
820543
820545
820552
820553
820554
820555
820556
820559
820562
820564
820565
820568
820569
820570
820571
820585
820600
820603
820604
820605
820606
820607
820613
820615
820616
820617
820628
820635
820636
820637
820641
820642
820649
820652
820659
820662
820666
820671
820673
820678
820686
820688
820692
820751
820752
820753
820754
820755
820757
820758
820759
820760
820761
820764
820765
820766
820767
820768
820769
820770
820772
820773
820774
820775
820776
820777
820778
820779
820780
820781
820782
820783
820784
820785
820786
820787
820788
820789
820790
820791
820792
820794
820796
820798
820799
820800
820801
820802
820803
820804
820806
820807
820808
820809
820810
820811
820812
820814
820815
820816
820819
820820
820821
820822
820823
820824
820825
820826
820827
820828
820829
820830
820831
820833
820834
820835
820836
820837
820838
820839
820840
820841
820842
820843
820844
820845
820847
820848
820849
820850
820851
820852
820853
820854
820855
820859
820860
820861
820864
820865
820866
820867
820868
820891
820892
820901
820902
820904
820914
820919
820921
820924
820925
820927
820928
820931
820933
820934
820938
820942
820945
820948
820960
820962
820965
820966
820971
820974
820977
820978
820981
820986
820987
820998
821061
821063
821084
821091
821092
821093
821094
821095
821096
821097
821101
821102
821103
821104
821105
821106
821107
821111
821112
821121
821122
821123
821124
821125
821126
821127
821128
821129
821130
821141
821142
821143
821149
821151
821155
821156
821159
821165
821166
821167
821168
821169
821171
821173
821174
821177
821178
821179
821180
821183
821185
821186
821187
821188
821189
821190
821192
821193
821194
821195
821196
821197
821198
821199
821201
821202
821203
821205
821206
821207
821208
821210
821212
821213
821215
821216
821218
821219
821220
821221
821222
821226
821227
821228
821231
821232
821233
821234
821237
821238
821239
821241
821242
821243
821245
821281
821282
821287
821288
821291
821292
821296
821299
821300
821304
821305
821306
821307
821308
821313
821314
821315
821316
821321
821351
821356
821359
821424
821436
821469
821476
821488
821498
821501
821503
821507
821510
821515
821525
821528
821541
821542
821552
821557
821561
821562
821565
821566
821584
821672
821673
821674
821675
821676
821677
821678
821679
821680
821681
821682
821683
821691
821706
821714
821715
821719
821720
821727
821728
821730
821731
821732
821733
821736
821742
821743
821747
821748
821749
821751
821759
821760
821768
821769
821776
821777
821778
821783
821786
821788
821792
821793
821794
821795
821796
821800
821801
821802
821809
821812
821821
821825
821826
821827
821828
821829
821835
821901
821914
821916
821941
821943
821944
821945
821946
821947
821948
821949
821950
821951
821952
821953
821954
821955
821956
821957
821958
821959
821960
821961
821962
821963
821964
821965
821967
821981
821983
821984
821985
821987
821988
821989
821991
821993
821994
821995
821996
821998
822000
822001
822002
822003
822022
822032
822033
822034
822035
822036
822037
822038
822039
822040
822041
822042
822043
822044
822045
822046
822047
822048
822051
822061
822062
822071
822072
822073
822081
822083
822086
822088
822089
822090
822091
822092
822093
822095
822096
822097
822098
822099
822100
822102
822103
822111
822112
822113
822114
822115
822116
822117
822131
822132
822133
822134
822135
822141
822142
822148
822149
822151
822152
822153
822156
822171
822172
822181
822183
822201
823102
823104
823105
823106
823107
823108
823109
823110
823114
823119
823121
823123
823203
823212
823213
823214
823215
823216
823217
823220
823221
823225
823227
823228
823229
823231
823232
823233
823236
823238
823241
823243
824301
824302
825101
825102
825103
825107
825109
825111
825112
825113
825114
825115
825116
825119
825120
825121
825122
825123
825126
825127
825128
825130
825131
825134
825135
825136
825137
825138
825141
825145
825146
825147
825148
825153
825154
825155
825156
825158
825160
825451
825454
825455
825456
825458
825459
825462
825463
825464
825465
825467
825468
825473
825474
825476
825477
825478
825480
825484
825485
825487
825492
825802
825807
825811
825816
825817
825819
825820
825821
825824
825825
825827
825828
825832
825837
825839
826254
826257
826258
826263
826266
826267
826268
826269
826270
826273
826274
826276
826277
826278
826279
826280
826282
826283
826284
826287
826288
826289
826290
826291
826292
826293
826294
826295
826296
826297
826298
826299
826300
826305
826306
826307
826309
826315
826316
826317
826318
826320
826321
826322
826328
826329
826331
826335
826336
826341
826345
826346
826347
826348
826350
826353
826601
826603
826604
826606
826608
826611
826612
826614
826615
826616
826618
826619
826622
826623
826625
826626
826627
826629
826630
826631
826632
826633
827781
828542
828641
828741
828842
828941
829291
829292
829293
829297
829299
829302
829961
830163
830165
830167
830168
830169
830171
830173
830174
830175
831221
831222
831431
831432
831433
831435
831721
831722
831723
831725
831872
831873
831874
831875
831877
831879
832121
832125
832127
832128
832379
832380
832381
832389
832390
832391
832392
832394
832395
832399
832405
832416
832423
832424
832425
832427
832951
832952
833151
833152
833153
833155
833159
833160
833163
833164
833165
833166
833167
833168
833170
833171
833172
833173
833176
833179
833180
833182
833183
833184
833402
833403
833409
833410
833412
833413
833416
833418
833420
833421
833423
833424
833428
833429
833430
833431
833434
833651
833653
833751
833753
833755
833758
833759
833760
833763
833764
833765
833766
833767
833769
833770
833771
833772
833773
833774
833775
833776
833777
833778
833779
833780
833782
833784
833786
833788
833789
833793
833794
833795
833799
833800
833803
833806
834352
834354
834355
834356
834357
834358
834359
834360
834362
834363
834364
834365
834368
834375
834501
834801
834902
834903
836103
836104
836105
836106
836107
836108
836110
836112
836502
836506
836508
836509
836510
836511
836512
836513
836514
836515
836516
836524
836525
836526
836528
836529
836532
836660
836665
836667
836677
836680
836681
836682
836686
836689
836690
836692
836698
836700
836703
836706
836707
836708
836710
836711
836714
836716
836717
836719
836721
836726
836727
836729
836731
836732
836735
836736
836739
836740
836742
836744
836757
836758
836759
836760
836761
836767
836769
836771
836779
836781
836786
836788
836789
836791
836792
836794
837001
837003
837101
837104
837105
837108
837109
837110
837111
837112
837113
837114
837115
837116
837120
837121
837125
837128
837130
837132
837133
837134
837135
837138
837140
837141
837143
837891
837991
837992
838291
838292
838293
838294
838295
838391
838393
838395
838491
838492
838493
838592
839091
839291
839292
839294
839295
839300
839301
839302
839303
839304
839305
839310
839313
839541
839641
839642
839742
839743
839745
839746
839750
839751
839754
839755
839757
840149
840150
840151
840152
840154
840155
840158
840159
840160
840161
840162
840163
840165
840169
840170
840171
840172
840176
840177
840178
840180
840183
840186
840187
840188
840193
840198
840199
840200
840201
840205
840206
840209
840210
840211
840498
840501
840508
840509
840511
840512
840515
840516
840517
840519
840521
840522
840523
840981
841181
841182
841185
841186
841187
841189
841190
841191
841192
841195
841196
841197
841200
841201
841202
841203
841209
841210
841213
841214
841216
841282
841284
841291
841294
841386
841387
841388
841389
841390
841391
841392
841393
841395
841396
841397
841932
841933
841934
841935
841937
842031
842331
842332
842335
842336
842337
842338
842339
842340
842901
843102
843201
843301
843601
843903
843905
843906
843907
843908
843909
843910
843911
844051
844052
844054
844055
844056
844057
844058
844059
844060
844062
844066
844067
844068
844069
844071
844072
844076
844077
844078
844079
844080
844081
844084
844085
845801
845802
845803
845806
845807
845810
845811
845813
845814
845815
845902
845904
845908
845911
845913
845915
845916
845917
845918
845919
845920
845921
845922
845923
845926
845927
845928
845929
845930
845932
845934
845935
845937
845940
845948
845951
845952
845954
845956
846391
847642
847650
847651
847652
847655
847658
847660
847661
847662
847663
847664
847666
847668
847669
847671
847675
847677
847679
847680
847681
847682
847683
847684
847685
847686
847687
847688
848301
848302
848903
848904
849001
849006
849011
849012
849251
849252
849253
849254
849255
849256
849257
849258
849259
849260
849351
849651
849652
849653
849656
849660
849662
849802
849804
849806
849808
849810
849812
849813
849814
849816
849818
849821
849825
849827
849830
849831
849832
849833
849835
849836
849837
849838
849839
849840
849842
849843
849844
850055
850057
850065
850074
850077
850081
850087
850088
850095
850096
850097
850203
850302
850303
850304
850305
850309
850311
850313
850316
850317
850804
850805
850807
850808
850813
851501
851906
851914
852001
852002
852005
852007
852009
852011
852015
852018
852024
852026
852101
852108
852110
852111
852112
852113
852119
852122
852129
852131
852884
852886
852888
852890
852892
852893
852896
852900
852901
852902
852905
852906
853040
853049
853050
853051
853052
853053
853054
853055
853068
853069
853075
853079
853080
853081
854131
854531
855279
855284
855286
855289
855296
855421
855422
855424
855425
855721
856621
857202
858751
858752
858753
858755
858759
858767
858772
858773
858774
858904
858906
858907
859002
859005
859013
859015
859016
859017
859018
859019
859020
859021
859023
859024
859029
859032
859033
859037
859041
859044
859048
859254
859261
859406
859408
859409
859416
859417
859423
859425
859426
859427
859552
859554
859557
859558
859705
859711
859717
859723
859724
859726
859730
859734
859735
859851
859852
859853
859859
859860
859863
862172
863895
863896
863905
863915
863916
863917
863918
863920
863923
863925
863928
864052
864192
864193
864196
864198
864199
864200
864201
864203
864204
864205
864207
864208
864212
864213
864744
864747
864751
864754
865564
865565
865712
865713
865811
865812
865815
865816
865912
865915
865916
865920
865924
865928
866061
866067
866068
866069
866070
866072
866074
866076
866077
866661
868061
868311
868313
868316
868411
868416
868561
868562
868961
868969
868970
868971
868972
868975
868977
869112
870241
870541
871142
871143
871145
871146
871147
871150
871157
871160
871161
871165
871167
871391
871392
871491
871494
871500
871501
871503
871504
871644
871645
872441
873231
873232
873431
873531
873532
874931
875332
875732
875733
875881
875882
875883
875884
875885
875887
875889
875891
875892
875894
875898
875899
876931
877631
877637
877644
877647
877649
877650
877656
877789
877795
877937
877939
877953
877957
877958
877960
877964
878081
878181
878282
878284
878287
878288
878732
878733
879471
879472
880174
880175
880177
880180
880272
880273
880276
880422
880575
880578
880580
880584
880586
880587
880588
880590
880592
880593
880595
880596
880597
880599
882171
882472
882574
882579
882580
882582
882583
882585
882587
882589
882590
882593
882721
882924
883272
883273
883275
883871
885071
885072
885073
885078
885079
885081
885086
885087
885089
885092
885093
885097
885471
885475
885476
886241
886242
887741
888681
888787
888789
888931
888932
889531
891031
891034
891035
891036
891041
891183
891184
891188
891189
891190
891202
891204
891205
891208
891210
891211
891214
891218
891220
891221
891222
891223
891225
891251
891253
891254
891255
891257
891258
891259
891261
891262
891264
891266
891269
891273
891279
891280
891281
891282
891283
891284
891291
891295
891296
891441
891981
891983
892001
892002
892003
892005
892021
892022
892024
892025
892041
892042
892182
892192
892195
892201
892202
892203
892211
892222
892223
892224
892225
892226
892227
892228
892231
892372
892376
892378
892381
892403
892405
892406
892408
892410
892411
892413
892414
892415
892416
892421
892423
892431
892432
892433
892434
892435
892436
892437
892438
892440
892441
892442
892443
892446
892447
892448
892451
892452
892461
892462
892463
892491
892601
892602
892606
892621
892623
892625
892626
892627
892632
892634
892636
892637
892638
892641
892642
892644
892647
892648
892651
892652
892653
892655
892657
892658
892659
892673
892674
892675
892676
892677
892678
892679
892682
892683
892684
892685
892686
892687
892689
892690
892692
892701
892705
892707
892708
892709
892710
892881
893041
893211
893231
893233
893236
893239
893240
893242
893246
893247
893248
893251
893255
893272
893274
893275
893276
893277
893279
893281
893282
893283
893284
893285
893286
893287
893288
893289
893290
893291
893293
893297
893299
893300
893304
893311
893313
893314
893315
893316
893461
893502
893511
893512
893652
893653
893654
893656
893657
893658
893659
893674
893675
893676
893691
893693
893701
893702
893703
893704
893841
893851
893853
893872
893881
893882
893883
893901
894052
894055
894057
894062
894071
894072
894411
894412
895181
895192
895213
895221
895222
895224
895401
895571
895901
895911
895914
895921
895922
895931
895933
895941
895942
895943
896092
896111
896121
896122
896123
896272
896274
896275
896291
896292
896301
896302
896303
896451
896462
896471
896472
896475
896476
896482
896483
896484
896486
896487
896661
896981
896982
896983
896986
897001
897012
897023
897024
897026
897027
897029
897041
897042
897043
897045
897046
897047
897048
897049
897211
897221
897222
897223
897361
897391
897392
897401
897541
897571
897572
897573
897575
897591
898101
